fecha	objective	metric	first_metric_only	boost_from_average	feature_pre_filter	verbosity	max_depth	min_gain_to_split	lambda_l1	lambda_l2	max_bin	num_iterations	force_row_wise	seed	learning_rate	feature_fraction	min_data_in_leaf	num_leaves	envios	ganancia	iteracion
20220927 222254	binary	custom	TRUE	TRUE	FALSE	-100	-1	0	0	0	31	208	TRUE	700429	0.0216066996593145	0.609775541611016	2959	688	8418	27010000	1
20220927 222349	binary	custom	TRUE	TRUE	FALSE	-100	-1	0	0	0	31	115	TRUE	700429	0.0699712171264691	0.576804073243402	2051	415	10755	27210000	2
20220927 222415	binary	custom	TRUE	TRUE	FALSE	-100	-1	0	0	0	31	67	TRUE	700429	0.0591569413826219	0.668517192937434	5544	647	12509	25310000	3
20220927 222446	binary	custom	TRUE	TRUE	FALSE	-100	-1	0	0	0	31	35	TRUE	700429	0.0915546126741683	0.513601689049974	1631	606	9326	26630000	4
20220927 222510	binary	custom	TRUE	TRUE	FALSE	-100	-1	0	0	0	31	86	TRUE	700429	0.0941415181971388	0.634990034862422	7305	734	7368	26470000	5
20220927 222545	binary	custom	TRUE	TRUE	FALSE	-100	-1	0	0	0	31	110	TRUE	700429	0.0514604042807477	0.753597036479041	4821	460	10326	26550000	6
20220927 222625	binary	custom	TRUE	TRUE	FALSE	-100	-1	0	0	0	31	85	TRUE	700429	0.0844648769523483	0.686393727539107	1910	228	11013	26540000	7
20220927 222700	binary	custom	TRUE	TRUE	FALSE	-100	-1	0	0	0	31	108	TRUE	700429	0.11124069123721	0.55128576987423	5681	970	9528	27030000	8
20220927 222720	binary	custom	TRUE	TRUE	FALSE	-100	-1	0	0	0	31	45	TRUE	700429	0.104642305596732	0.781270314683206	6422	367	14527	23830000	9
20220927 222842	binary	custom	TRUE	TRUE	FALSE	-100	-1	0	0	0	31	286	TRUE	700429	0.0341851299098344	0.718809979474172	5087	869	8829	27230000	10
20220927 222912	binary	custom	TRUE	TRUE	FALSE	-100	-1	0	0	0	31	90	TRUE	700429	0.0742884326492785	0.591380555401556	6622	342	6598	26170000	11
20220927 223032	binary	custom	TRUE	TRUE	FALSE	-100	-1	0	0	0	31	99	TRUE	700429	0.0462969313240028	0.497372199636884	3326	844	7813	27260000	12
20220927 223100	binary	custom	TRUE	TRUE	FALSE	-100	-1	0	0	0	31	44	TRUE	700429	0.126215815514384	0.444348806901835	7034	937	13220	25080000	13
20220927 223136	binary	custom	TRUE	TRUE	FALSE	-100	-1	0	0	0	31	120	TRUE	700429	0.136091569937416	0.473160625523888	4255	269	11566	25830000	14
20220927 223155	binary	custom	TRUE	TRUE	FALSE	-100	-1	0	0	0	31	36	TRUE	700429	0.114917719132325	0.779955979320221	2672	526	5817	25410000	15
20220927 223434	binary	custom	TRUE	TRUE	FALSE	-100	-1	0	0	0	31	464	TRUE	700429	0.0286962901352672	0.640803804304451	1060	555	13986	24670000	16
20220927 223713	binary	custom	TRUE	TRUE	FALSE	-100	-1	0	0	0	31	376	TRUE	700429	0.0110243717463454	0.53147845805157	7762	797	12378	25490000	17
20220927 223809	binary	custom	TRUE	TRUE	FALSE	-100	-1	0	0	0	31	53	TRUE	700429	0.142986057028815	0.412018379787915	5956	1016	6436	25290000	18
20220927 224005	binary	custom	TRUE	TRUE	FALSE	-100	-1	0	0	0	31	321	TRUE	700429	0.0146358231436461	0.426481630001217	3767	286	5448	24790000	19
20220927 224024	binary	custom	TRUE	TRUE	FALSE	-100	-1	0	0	0	31	46	TRUE	700429	0.128366943518748	0.724227354121394	4032	762	14053	23820000	20
20220927 224136	binary	custom	TRUE	TRUE	FALSE	-100	-1	0	0	0	31	205	TRUE	700429	0.0450722848803611	0.51367614245811	3155	929	10124	26880000	21
20220927 224231	binary	custom	TRUE	TRUE	FALSE	-100	-1	0	0	0	31	158	TRUE	700429	0.0484340884628832	0.532223274455091	5172	1006	8225	26990000	22
20220927 224336	binary	custom	TRUE	TRUE	FALSE	-100	-1	0	0	0	31	187	TRUE	700429	0.0246117697343327	0.746814265918956	3569	829	7811	26940000	23
20220927 224431	binary	custom	TRUE	TRUE	FALSE	-100	-1	0	0	0	31	126	TRUE	700429	0.0383348690758433	0.496577149545972	3883	297	7797	27210000	24
20220927 224528	binary	custom	TRUE	TRUE	FALSE	-100	-1	0	0	0	31	172	TRUE	700429	0.0314067656125574	0.576794504117267	6239	718	8993	27060000	25
20220927 224641	binary	custom	TRUE	TRUE	FALSE	-100	-1	0	0	0	31	179	TRUE	700429	0.0685124019706297	0.542230287815351	1021	835	10708	26990000	26
20220927 224719	binary	custom	TRUE	TRUE	FALSE	-100	-1	0	0	0	31	75	TRUE	700429	0.064792138102198	0.560559973513981	3573	574	7822	26600000	27
20220927 224847	binary	custom	TRUE	TRUE	FALSE	-100	-1	0	0	0	31	299	TRUE	700429	0.0301484524752227	0.460832746872951	3784	853	8629	26910000	28
20220927 225116	binary	custom	TRUE	TRUE	FALSE	-100	-1	0	0	0	31	413	TRUE	700429	0.0141460046411886	0.567666301771733	2377	297	9562	26960000	29
20220927 225318	binary	custom	TRUE	TRUE	FALSE	-100	-1	0	0	0	31	288	TRUE	700429	0.0223284260797336	0.488938148324111	4113	874	7695	26930000	30
20220927 225352	binary	custom	TRUE	TRUE	FALSE	-100	-1	0	0	0	31	67	TRUE	700429	0.0637528786465705	0.586435193664303	2156	872	8117	26970000	31
20220927 225444	binary	custom	TRUE	TRUE	FALSE	-100	-1	0	0	0	31	112	TRUE	700429	0.0510390463752658	0.504024490438657	1763	301	10282	27040000	32
20220927 225546	binary	custom	TRUE	TRUE	FALSE	-100	-1	0	0	0	31	231	TRUE	700429	0.0381637488733232	0.590911562401982	4890	274	8685	27110000	33
20220927 225611	binary	custom	TRUE	TRUE	FALSE	-100	-1	0	0	0	31	80	TRUE	700429	0.0750165595165357	0.64904901044677	6376	881	9482	26720000	34
20220927 225658	binary	custom	TRUE	TRUE	FALSE	-100	-1	0	0	0	31	146	TRUE	700429	0.039525835010259	0.600115160875007	4576	831	7949	26590000	35
20220927 225814	binary	custom	TRUE	TRUE	FALSE	-100	-1	0	0	0	31	121	TRUE	700429	0.0294817555879639	0.494517353643525	1838	322	8176	27650000	36
20220927 230635	binary	custom	TRUE	TRUE	FALSE	-100	-1	0	0	0	31	1465	TRUE	700429	0.00587247969507988	0.499566856682365	1008	827	8100	27240000	37
20220927 231117	binary	custom	TRUE	TRUE	FALSE	-100	-1	0	0	0	31	1509	TRUE	700429	0.00568596007684089	0.713819679849247	7565	378	8497	27090000	38
20220927 231631	binary	custom	TRUE	TRUE	FALSE	-100	-1	0	0	0	31	734	TRUE	700429	0.00516890307482874	0.726252345750223	1099	766	8830	27220000	39
20220927 231726	binary	custom	TRUE	TRUE	FALSE	-100	-1	0	0	0	31	142	TRUE	700429	0.0641315088940067	0.49822791063503	1675	200	8192	27060000	40
20220927 231854	binary	custom	TRUE	TRUE	FALSE	-100	-1	0	0	0	31	155	TRUE	700429	0.0296155099257404	0.501334665085952	1444	411	8335	27570000	41
20220927 232730	binary	custom	TRUE	TRUE	FALSE	-100	-1	0	0	0	31	1698	TRUE	700429	0.0056921457645833	0.494697485901218	2103	328	8256	27330000	42
20220927 232852	binary	custom	TRUE	TRUE	FALSE	-100	-1	0	0	0	31	158	TRUE	700429	0.0313171451733786	0.496474711580005	1015	320	7972	27420000	43
20220927 232950	binary	custom	TRUE	TRUE	FALSE	-100	-1	0	0	0	31	110	TRUE	700429	0.0308431701214445	0.706659384782742	2161	355	8685	27030000	44
20220927 233106	binary	custom	TRUE	TRUE	FALSE	-100	-1	0	0	0	31	268	TRUE	700429	0.0368952949971944	0.506512473599344	7938	326	8562	27120000	45
20220927 233526	binary	custom	TRUE	TRUE	FALSE	-100	-1	0	0	0	31	1215	TRUE	700429	0.00508014260667273	0.786619470562429	7641	909	8851	26940000	46
20220927 233627	binary	custom	TRUE	TRUE	FALSE	-100	-1	0	0	0	31	149	TRUE	700429	0.0294558406722779	0.736495466590774	1764	1024	8946	27470000	47
20220927 233731	binary	custom	TRUE	TRUE	FALSE	-100	-1	0	0	0	31	179	TRUE	700429	0.0302102683098517	0.799996189334336	2016	893	8991	27140000	48
20220927 233835	binary	custom	TRUE	TRUE	FALSE	-100	-1	0	0	0	31	121	TRUE	700429	0.0369340362356906	0.503560544008816	1535	1024	8195	27610000	49
20220927 233952	binary	custom	TRUE	TRUE	FALSE	-100	-1	0	0	0	31	128	TRUE	700429	0.0339543292502933	0.50468071602901	1882	763	8222	27720000	50
20220927 234142	binary	custom	TRUE	TRUE	FALSE	-100	-1	0	0	0	31	234	TRUE	700429	0.0339836757008935	0.517674419026146	1901	822	8409	27750000	51
20220927 234307	binary	custom	TRUE	TRUE	FALSE	-100	-1	0	0	0	31	222	TRUE	700429	0.033861466946812	0.516363110921435	1806	884	8300	27320000	52
20220927 234405	binary	custom	TRUE	TRUE	FALSE	-100	-1	0	0	0	31	102	TRUE	700429	0.0378946118737865	0.524958135355084	2000	786	8710	27620000	53
20220927 234441	binary	custom	TRUE	TRUE	FALSE	-100	-1	0	0	0	31	51	TRUE	700429	0.0948848727429433	0.535429469617325	1146	1024	9172	26780000	54
20220927 234523	binary	custom	TRUE	TRUE	FALSE	-100	-1	0	0	0	31	77	TRUE	700429	0.0605159376376632	0.522615448724205	2156	355	8530	27180000	55
20220927 234543	binary	custom	TRUE	TRUE	FALSE	-100	-1	0	0	0	31	62	TRUE	700429	0.149358663476857	0.761584686080063	5677	1024	8673	26340000	56
20220927 234706	binary	custom	TRUE	TRUE	FALSE	-100	-1	0	0	0	31	274	TRUE	700429	0.0169723793197099	0.733193084031945	4275	1024	10216	26130000	57
20220927 234744	binary	custom	TRUE	TRUE	FALSE	-100	-1	0	0	0	31	44	TRUE	700429	0.0489833516738078	0.719392608036975	1243	820	8636	26810000	58
20220927 234906	binary	custom	TRUE	TRUE	FALSE	-100	-1	0	0	0	31	318	TRUE	700429	0.0163576715616151	0.750531528669737	6520	655	8875	27130000	59
20220927 235013	binary	custom	TRUE	TRUE	FALSE	-100	-1	0	0	0	31	138	TRUE	700429	0.0305758169188111	0.45269751046894	2081	335	8502	27720000	60
20220927 235143	binary	custom	TRUE	TRUE	FALSE	-100	-1	0	0	0	31	136	TRUE	700429	0.0336270983757756	0.519620858817239	1713	1024	7097	27010000	61
20220927 235252	binary	custom	TRUE	TRUE	FALSE	-100	-1	0	0	0	31	160	TRUE	700429	0.0291937653660058	0.480324550168447	2647	352	8593	27300000	62
20220927 235427	binary	custom	TRUE	TRUE	FALSE	-100	-1	0	0	0	31	204	TRUE	700429	0.0351260405538909	0.413000356749358	1614	339	8219	28130000	63
20220927 235544	binary	custom	TRUE	TRUE	FALSE	-100	-1	0	0	0	31	232	TRUE	700429	0.0369242366051476	0.400242221351888	1770	430	8152	27780000	64
20220927 235657	binary	custom	TRUE	TRUE	FALSE	-100	-1	0	0	0	31	255	TRUE	700429	0.0315916416399288	0.40008146346405	5993	237	8236	27050000	65
20220927 235730	binary	custom	TRUE	TRUE	FALSE	-100	-1	0	0	0	31	66	TRUE	700429	0.111231295431221	0.400942025879451	1417	299	8177	26850000	66
20220927 235754	binary	custom	TRUE	TRUE	FALSE	-100	-1	0	0	0	31	97	TRUE	700429	0.0969041438569785	0.797979505618485	7993	202	8421	26600000	67
20220927 235829	binary	custom	TRUE	TRUE	FALSE	-100	-1	0	0	0	31	123	TRUE	700429	0.108623184439737	0.581210408737906	7992	320	10479	26730000	68
20220927 235910	binary	custom	TRUE	TRUE	FALSE	-100	-1	0	0	0	31	161	TRUE	700429	0.149775257310913	0.545633768559922	7994	757	9745	26430000	69
20220928 000044	binary	custom	TRUE	TRUE	FALSE	-100	-1	0	0	0	31	255	TRUE	700429	0.0292331023600625	0.400498816838178	1087	424	10839	26970000	70
20220928 000157	binary	custom	TRUE	TRUE	FALSE	-100	-1	0	0	0	31	237	TRUE	700429	0.0232908974819867	0.648817632844007	7982	262	10614	26460000	71
20220928 000731	binary	custom	TRUE	TRUE	FALSE	-100	-1	0	0	0	31	1104	TRUE	700429	0.00680313421143854	0.797167603140035	1220	1024	7802	27280000	72
20220928 000753	binary	custom	TRUE	TRUE	FALSE	-100	-1	0	0	0	31	73	TRUE	700429	0.107666047411587	0.67474137332355	7999	427	8425	26670000	73
20220928 001025	binary	custom	TRUE	TRUE	FALSE	-100	-1	0	0	0	31	801	TRUE	700429	0.0125013893206348	0.799584750379565	6283	1024	5066	24030000	74
20220928 001530	binary	custom	TRUE	TRUE	FALSE	-100	-1	0	0	0	31	1373	TRUE	700429	0.0053205076194775	0.799351676110825	4814	202	8184	26840000	75
20220928 001627	binary	custom	TRUE	TRUE	FALSE	-100	-1	0	0	0	31	183	TRUE	700429	0.0830365115252415	0.500693569048192	7983	810	8334	27020000	76
20220928 001659	binary	custom	TRUE	TRUE	FALSE	-100	-1	0	0	0	31	71	TRUE	700429	0.130290238421676	0.511953467734112	2122	811	8190	26820000	77
20220928 001755	binary	custom	TRUE	TRUE	FALSE	-100	-1	0	0	0	31	257	TRUE	700429	0.033318798610449	0.663882509847045	7929	200	7778	26930000	78
20220928 002449	binary	custom	TRUE	TRUE	FALSE	-100	-1	0	0	0	31	1483	TRUE	700429	0.00533317707954891	0.799854437390805	1414	501	8335	27010000	79
20220928 002514	binary	custom	TRUE	TRUE	FALSE	-100	-1	0	0	0	31	63	TRUE	700429	0.149962414293967	0.560742456076978	7971	201	7939	26770000	80
20220928 002751	binary	custom	TRUE	TRUE	FALSE	-100	-1	0	0	0	31	386	TRUE	700429	0.0154727809433798	0.55107399304374	1662	623	10528	26630000	81
20220928 003116	binary	custom	TRUE	TRUE	FALSE	-100	-1	0	0	0	31	692	TRUE	700429	0.0181690156709108	0.400027412670553	1059	200	12225	26190000	82
20220928 003208	binary	custom	TRUE	TRUE	FALSE	-100	-1	0	0	0	31	119	TRUE	700429	0.0564011511451996	0.400330306216021	1331	803	7693	27340000	83
20220928 003242	binary	custom	TRUE	TRUE	FALSE	-100	-1	0	0	0	31	77	TRUE	700429	0.082714365086244	0.400219279049802	2066	1024	11488	25990000	84
20220928 003354	binary	custom	TRUE	TRUE	FALSE	-100	-1	0	0	0	31	187	TRUE	700429	0.022398661363563	0.413700220338853	7997	675	7369	25990000	85
20220928 003416	binary	custom	TRUE	TRUE	FALSE	-100	-1	0	0	0	31	41	TRUE	700429	0.149976218678361	0.799790117296009	1873	201	8113	26980000	86
20220928 003453	binary	custom	TRUE	TRUE	FALSE	-100	-1	0	0	0	31	99	TRUE	700429	0.149961564876733	0.799490774464152	1111	360	10116	26090000	87
20220928 003510	binary	custom	TRUE	TRUE	FALSE	-100	-1	0	0	0	31	44	TRUE	700429	0.149997338078118	0.744418474425216	5618	200	7118	26090000	88
20220928 003638	binary	custom	TRUE	TRUE	FALSE	-100	-1	0	0	0	31	182	TRUE	700429	0.0344796883603792	0.400758142787861	1534	299	8234	28340000	89
20220928 003728	binary	custom	TRUE	TRUE	FALSE	-100	-1	0	0	0	31	175	TRUE	700429	0.065997346659239	0.521750095797619	7992	517	10824	26680000	90
20220928 003820	binary	custom	TRUE	TRUE	FALSE	-100	-1	0	0	0	31	244	TRUE	700429	0.0343545942039212	0.799828880294281	7995	430	7479	26730000	91
20220928 003846	binary	custom	TRUE	TRUE	FALSE	-100	-1	0	0	0	31	71	TRUE	700429	0.101017510520616	0.799832729464138	7998	778	8817	26610000	92
20220928 003937	binary	custom	TRUE	TRUE	FALSE	-100	-1	0	0	0	31	178	TRUE	700429	0.0483357633825422	0.402600912465858	7999	202	14999	23530000	93
20220928 004134	binary	custom	TRUE	TRUE	FALSE	-100	-1	0	0	0	31	270	TRUE	700429	0.0290230171783233	0.40017212427456	1525	266	8267	28350000	94
20220928 004430	binary	custom	TRUE	TRUE	FALSE	-100	-1	0	0	0	31	413	TRUE	700429	0.00955536636613301	0.400195513509412	2094	1024	7671	27300000	95
20220928 004456	binary	custom	TRUE	TRUE	FALSE	-100	-1	0	0	0	31	52	TRUE	700429	0.118203242671933	0.535587139479596	8000	1024	10763	26640000	96
20220928 004534	binary	custom	TRUE	TRUE	FALSE	-100	-1	0	0	0	31	104	TRUE	700429	0.0985735402890174	0.513859941987525	4932	793	10699	26290000	97
20220928 004647	binary	custom	TRUE	TRUE	FALSE	-100	-1	0	0	0	31	145	TRUE	700429	0.0278054527353521	0.400661943883953	1177	811	5002	24560000	98
20220928 005332	binary	custom	TRUE	TRUE	FALSE	-100	-1	0	0	0	31	1017	TRUE	700429	0.00531336963122767	0.799852830576426	1003	283	11370	25820000	99
20220928 005858	binary	custom	TRUE	TRUE	FALSE	-100	-1	0	0	0	31	760	TRUE	700429	0.00549341338810877	0.402042844488453	1459	1024	14986	23310000	100
20220928 005941	binary	custom	TRUE	TRUE	FALSE	-100	-1	0	0	0	31	104	TRUE	700429	0.149833405420879	0.579491951332713	1003	359	12481	24960000	101
20220928 010006	binary	custom	TRUE	TRUE	FALSE	-100	-1	0	0	0	31	59	TRUE	700429	0.138240718584268	0.400063804236074	7992	1024	9462	26280000	102
20220928 010100	binary	custom	TRUE	TRUE	FALSE	-100	-1	0	0	0	31	93	TRUE	700429	0.0359827689019346	0.799822476413704	1100	200	6933	26300000	103
20220928 010157	binary	custom	TRUE	TRUE	FALSE	-100	-1	0	0	0	31	112	TRUE	700429	0.0527704878688062	0.400127345296766	1119	271	8385	27790000	104
20220928 010225	binary	custom	TRUE	TRUE	FALSE	-100	-1	0	0	0	31	53	TRUE	700429	0.149799498061522	0.400393605293965	1832	200	6551	26260000	105
20220928 010402	binary	custom	TRUE	TRUE	FALSE	-100	-1	0	0	0	31	217	TRUE	700429	0.0257719616037803	0.40020247378202	1646	295	8225	27630000	106
20220928 010436	binary	custom	TRUE	TRUE	FALSE	-100	-1	0	0	0	31	79	TRUE	700429	0.12413617324492	0.403777573581778	7726	221	9030	26580000	107
20220928 010548	binary	custom	TRUE	TRUE	FALSE	-100	-1	0	0	0	31	159	TRUE	700429	0.046783073780061	0.401934095917665	3761	202	7192	26820000	108
20220928 010637	binary	custom	TRUE	TRUE	FALSE	-100	-1	0	0	0	31	217	TRUE	700429	0.0348011638811049	0.796582745989663	7989	727	10463	26440000	109
20220928 010718	binary	custom	TRUE	TRUE	FALSE	-100	-1	0	0	0	31	74	TRUE	700429	0.0772263115825414	0.427108687750028	1023	1024	7458	27090000	110
20220928 010758	binary	custom	TRUE	TRUE	FALSE	-100	-1	0	0	0	31	103	TRUE	700429	0.0772733875498627	0.401903354922311	2818	202	9211	27100000	111
20220928 010839	binary	custom	TRUE	TRUE	FALSE	-100	-1	0	0	0	31	69	TRUE	700429	0.138757763303345	0.4635586223579	1003	210	8412	26620000	112
20220928 010915	binary	custom	TRUE	TRUE	FALSE	-100	-1	0	0	0	31	84	TRUE	700429	0.084198162593033	0.410988928202541	2222	1024	5001	24480000	113
20220928 011003	binary	custom	TRUE	TRUE	FALSE	-100	-1	0	0	0	31	143	TRUE	700429	0.117685826341979	0.799966274154432	1000	215	9544	25880000	114
20220928 011032	binary	custom	TRUE	TRUE	FALSE	-100	-1	0	0	0	31	79	TRUE	700429	0.110152851601676	0.402312418931989	8000	1023	8008	26310000	115
20220928 011057	binary	custom	TRUE	TRUE	FALSE	-100	-1	0	0	0	31	85	TRUE	700429	0.0704990921080276	0.751795329120371	7999	218	9551	26820000	116
20220928 011138	binary	custom	TRUE	TRUE	FALSE	-100	-1	0	0	0	31	104	TRUE	700429	0.1141196155247	0.733757187570273	1052	1024	8136	26690000	117
20220928 011218	binary	custom	TRUE	TRUE	FALSE	-100	-1	0	0	0	31	68	TRUE	700429	0.0724842667021193	0.40042301143503	1010	200	11358	26250000	118
20220928 011956	binary	custom	TRUE	TRUE	FALSE	-100	-1	0	0	0	31	1750	TRUE	700429	0.00506507872941486	0.543407764620161	7101	1024	7354	26340000	119
20220928 012040	binary	custom	TRUE	TRUE	FALSE	-100	-1	0	0	0	31	72	TRUE	700429	0.080001803808722	0.75083801858316	1019	514	8411	26780000	120
20220928 012200	binary	custom	TRUE	TRUE	FALSE	-100	-1	0	0	0	31	207	TRUE	700429	0.0347254442647504	0.400358406854031	1011	731	9227	27550000	121
20220928 012230	binary	custom	TRUE	TRUE	FALSE	-100	-1	0	0	0	31	64	TRUE	700429	0.149994448045751	0.408353758292156	1491	566	8419	26450000	122
20220928 012944	binary	custom	TRUE	TRUE	FALSE	-100	-1	0	0	0	31	1798	TRUE	700429	0.00513272521816575	0.411100640620716	7987	200	10265	26590000	123
20220928 013119	binary	custom	TRUE	TRUE	FALSE	-100	-1	0	0	0	31	190	TRUE	700429	0.0456747808243314	0.410604240882606	1068	745	8432	28740000	124
20220928 013222	binary	custom	TRUE	TRUE	FALSE	-100	-1	0	0	0	31	114	TRUE	700429	0.045551403977122	0.400700254970943	1029	705	8428	27790000	125
20220928 013326	binary	custom	TRUE	TRUE	FALSE	-100	-1	0	0	0	31	171	TRUE	700429	0.0508340245124088	0.408590298694719	1217	764	8441	26960000	126
20220928 013425	binary	custom	TRUE	TRUE	FALSE	-100	-1	0	0	0	31	199	TRUE	700429	0.0430615695710608	0.405373645354239	5344	738	8357	27130000	127
20220928 013633	binary	custom	TRUE	TRUE	FALSE	-100	-1	0	0	0	31	482	TRUE	700429	0.0211896596181679	0.626629208113941	1751	978	8144	27400000	128
20220928 013734	binary	custom	TRUE	TRUE	FALSE	-100	-1	0	0	0	31	147	TRUE	700429	0.0444985861320465	0.453674871876839	1976	739	7641	27360000	129
20220928 013824	binary	custom	TRUE	TRUE	FALSE	-100	-1	0	0	0	31	90	TRUE	700429	0.044841464881866	0.703822895798122	1092	742	8642	27280000	130
20220928 013916	binary	custom	TRUE	TRUE	FALSE	-100	-1	0	0	0	31	162	TRUE	700429	0.0354833160837557	0.728080034607218	2772	969	8589	27470000	131
20220928 014022	binary	custom	TRUE	TRUE	FALSE	-100	-1	0	0	0	31	183	TRUE	700429	0.0450326939144048	0.421928367142459	1896	820	8622	26920000	132
20220928 014216	binary	custom	TRUE	TRUE	FALSE	-100	-1	0	0	0	31	348	TRUE	700429	0.0340711400495799	0.491338305757318	1940	288	9555	27370000	133
20220928 014333	binary	custom	TRUE	TRUE	FALSE	-100	-1	0	0	0	31	163	TRUE	700429	0.0470584001170508	0.407127100360993	6604	390	8294	27500000	134
20220928 014544	binary	custom	TRUE	TRUE	FALSE	-100	-1	0	0	0	31	406	TRUE	700429	0.0183315476056575	0.558235268564961	3163	786	8896	26930000	135
20220928 014638	binary	custom	TRUE	TRUE	FALSE	-100	-1	0	0	0	31	105	TRUE	700429	0.0444240729355801	0.420216869594958	1365	339	8516	27530000	136
20220928 015053	binary	custom	TRUE	TRUE	FALSE	-100	-1	0	0	0	31	703	TRUE	700429	0.00897684803692131	0.497471245994213	1738	945	8099	27490000	137
20220928 015134	binary	custom	TRUE	TRUE	FALSE	-100	-1	0	0	0	31	73	TRUE	700429	0.0659978645707095	0.473424163580387	1820	281	9186	27310000	138
20220928 015238	binary	custom	TRUE	TRUE	FALSE	-100	-1	0	0	0	31	130	TRUE	700429	0.0379037805875861	0.46465981960909	1465	402	9229	27870000	139
20220928 015351	binary	custom	TRUE	TRUE	FALSE	-100	-1	0	0	0	31	224	TRUE	700429	0.0541207763299691	0.453933057228586	2584	416	9110	27300000	140
20220928 015459	binary	custom	TRUE	TRUE	FALSE	-100	-1	0	0	0	31	145	TRUE	700429	0.0340033866948321	0.432478062784169	1489	484	9117	27850000	141
20220928 015612	binary	custom	TRUE	TRUE	FALSE	-100	-1	0	0	0	31	261	TRUE	700429	0.0349382869351457	0.409866672140265	6492	445	9279	26970000	142
20220928 015706	binary	custom	TRUE	TRUE	FALSE	-100	-1	0	0	0	31	81	TRUE	700429	0.0417348933010689	0.532845148811117	1184	503	8529	27270000	143
20220928 015759	binary	custom	TRUE	TRUE	FALSE	-100	-1	0	0	0	31	114	TRUE	700429	0.0464303178882836	0.420276141427368	1798	747	9349	27710000	144
20220928 015849	binary	custom	TRUE	TRUE	FALSE	-100	-1	0	0	0	31	166	TRUE	700429	0.0563008894514541	0.41956252983347	7819	268	8908	26990000	145
20220928 020051	binary	custom	TRUE	TRUE	FALSE	-100	-1	0	0	0	31	294	TRUE	700429	0.020812096973675	0.433899829313246	1039	498	8787	27390000	146
20220928 020204	binary	custom	TRUE	TRUE	FALSE	-100	-1	0	0	0	31	117	TRUE	700429	0.0301070529766303	0.454487647611855	1041	553	8557	27210000	147
20220928 020234	binary	custom	TRUE	TRUE	FALSE	-100	-1	0	0	0	31	44	TRUE	700429	0.0557768813689594	0.739601457656557	2122	909	7106	26590000	148
20220928 020312	binary	custom	TRUE	TRUE	FALSE	-100	-1	0	0	0	31	73	TRUE	700429	0.0718713197956857	0.445599309292333	2113	829	7136	27170000	149
20220928 020431	binary	custom	TRUE	TRUE	FALSE	-100	-1	0	0	0	31	187	TRUE	700429	0.0281226012300292	0.704718247246082	1243	501	9611	27340000	150
20220928 020518	binary	custom	TRUE	TRUE	FALSE	-100	-1	0	0	0	31	155	TRUE	700429	0.0798378944693658	0.412052493074265	4364	390	9349	26990000	151
20220928 020644	binary	custom	TRUE	TRUE	FALSE	-100	-1	0	0	0	31	168	TRUE	700429	0.0355690879827502	0.561584008827736	1987	1021	10056	27330000	152
20220928 020724	binary	custom	TRUE	TRUE	FALSE	-100	-1	0	0	0	31	94	TRUE	700429	0.0824078959764734	0.426294199735987	1828	269	8231	27060000	153
20220928 020803	binary	custom	TRUE	TRUE	FALSE	-100	-1	0	0	0	31	78	TRUE	700429	0.0662551572543494	0.632212195527417	1365	1024	9088	27270000	154
20220928 021110	binary	custom	TRUE	TRUE	FALSE	-100	-1	0	0	0	31	401	TRUE	700429	0.010348333736867	0.429809955906326	1162	443	9180	27720000	155
20220928 021418	binary	custom	TRUE	TRUE	FALSE	-100	-1	0	0	0	31	574	TRUE	700429	0.00975226936658582	0.486364642358326	5698	550	9013	27180000	156
20220928 022244	binary	custom	TRUE	TRUE	FALSE	-100	-1	0	0	0	31	1953	TRUE	700429	0.00509917162976193	0.567431427200562	3537	476	10015	26770000	157
20220928 022336	binary	custom	TRUE	TRUE	FALSE	-100	-1	0	0	0	31	110	TRUE	700429	0.052184212757919	0.408236036148933	1217	375	7316	27370000	158
20220928 023005	binary	custom	TRUE	TRUE	FALSE	-100	-1	0	0	0	31	1199	TRUE	700429	0.00505610533507593	0.456423125713054	3274	432	7934	27020000	159
20220928 023038	binary	custom	TRUE	TRUE	FALSE	-100	-1	0	0	0	31	60	TRUE	700429	0.100761414544288	0.461414702816631	5349	854	7820	26600000	160
20220928 023111	binary	custom	TRUE	TRUE	FALSE	-100	-1	0	0	0	31	45	TRUE	700429	0.0686074226727044	0.671472439480631	1370	422	8046	26550000	161
20220928 023316	binary	custom	TRUE	TRUE	FALSE	-100	-1	0	0	0	31	302	TRUE	700429	0.0145112568497627	0.68663278056334	1179	449	8474	26980000	162
20220928 023352	binary	custom	TRUE	TRUE	FALSE	-100	-1	0	0	0	31	66	TRUE	700429	0.0771088213166108	0.454029236833127	3307	964	8584	26920000	163
20220928 023441	binary	custom	TRUE	TRUE	FALSE	-100	-1	0	0	0	31	162	TRUE	700429	0.0747291600045516	0.401427141577828	3909	325	10537	26450000	164
20220928 023516	binary	custom	TRUE	TRUE	FALSE	-100	-1	0	0	0	31	128	TRUE	700429	0.0515847460088231	0.74299596026314	5556	313	8171	27340000	165
20220928 023547	binary	custom	TRUE	TRUE	FALSE	-100	-1	0	0	0	31	32	TRUE	700429	0.0859427943948497	0.490895301267449	1402	468	10296	26690000	166
20220928 023639	binary	custom	TRUE	TRUE	FALSE	-100	-1	0	0	0	31	121	TRUE	700429	0.0754246763737606	0.495158909306847	1269	735	8322	27360000	167
20220928 023719	binary	custom	TRUE	TRUE	FALSE	-100	-1	0	0	0	31	67	TRUE	700429	0.0735174454105409	0.436693941184827	1145	599	9731	26940000	168
20220928 023850	binary	custom	TRUE	TRUE	FALSE	-100	-1	0	0	0	31	176	TRUE	700429	0.0246664910109165	0.547135981426548	1295	749	8248	27270000	169
20220928 024452	binary	custom	TRUE	TRUE	FALSE	-100	-1	0	0	0	31	1016	TRUE	700429	0.00652503560434945	0.498304436797187	1578	339	5366	25110000	170
20220928 024614	binary	custom	TRUE	TRUE	FALSE	-100	-1	0	0	0	31	197	TRUE	700429	0.0295906338702775	0.400842206368375	1910	314	8323	27600000	171
20220928 024643	binary	custom	TRUE	TRUE	FALSE	-100	-1	0	0	0	31	53	TRUE	700429	0.128968304110759	0.407264561526654	1145	745	7446	26870000	172
20220928 024705	binary	custom	TRUE	TRUE	FALSE	-100	-1	0	0	0	31	31	TRUE	700429	0.0997286279762594	0.67466460623648	4265	286	10688	25750000	173
20220928 024734	binary	custom	TRUE	TRUE	FALSE	-100	-1	0	0	0	31	35	TRUE	700429	0.0783030547294731	0.520431177892536	2871	221	12019	25570000	174
20220928 024827	binary	custom	TRUE	TRUE	FALSE	-100	-1	0	0	0	31	182	TRUE	700429	0.0740170136234239	0.610185981448801	1785	490	11586	26190000	175
20220928 024848	binary	custom	TRUE	TRUE	FALSE	-100	-1	0	0	0	31	23	TRUE	700429	0.147670291958697	0.444871173915453	2621	534	8444	26720000	176
20220928 024907	binary	custom	TRUE	TRUE	FALSE	-100	-1	0	0	0	31	32	TRUE	700429	0.137163127348258	0.722865722729545	2722	394	7617	26210000	177
20220928 025025	binary	custom	TRUE	TRUE	FALSE	-100	-1	0	0	0	31	129	TRUE	700429	0.0230473104835418	0.535696110485867	6367	260	11453	25900000	178
20220928 025125	binary	custom	TRUE	TRUE	FALSE	-100	-1	0	0	0	31	136	TRUE	700429	0.0411783375654044	0.595964040458296	5537	585	5478	24810000	179
20220928 025204	binary	custom	TRUE	TRUE	FALSE	-100	-1	0	0	0	31	164	TRUE	700429	0.0753105264747911	0.770395719586872	4517	655	7468	26350000	180
20220928 025248	binary	custom	TRUE	TRUE	FALSE	-100	-1	0	0	0	31	75	TRUE	700429	0.0458098312871341	0.413605856606075	1948	745	5331	24940000	181
20220928 025314	binary	custom	TRUE	TRUE	FALSE	-100	-1	0	0	0	31	69	TRUE	700429	0.119827031773149	0.747873838869762	3938	1016	8675	26970000	182
20220928 025403	binary	custom	TRUE	TRUE	FALSE	-100	-1	0	0	0	31	136	TRUE	700429	0.0664779245334316	0.468799434116948	2266	332	13779	24050000	183
20220928 025508	binary	custom	TRUE	TRUE	FALSE	-100	-1	0	0	0	31	145	TRUE	700429	0.039451163253945	0.434113904495218	1348	529	9908	27070000	184
20220928 025613	binary	custom	TRUE	TRUE	FALSE	-100	-1	0	0	0	31	133	TRUE	700429	0.0331344126079445	0.403066180051606	2529	991	9114	27060000	185
20220928 025734	binary	custom	TRUE	TRUE	FALSE	-100	-1	0	0	0	31	147	TRUE	700429	0.0258694041970937	0.593134010208752	1000	200	8677	27530000	186
20220928 025847	binary	custom	TRUE	TRUE	FALSE	-100	-1	0	0	0	31	151	TRUE	700429	0.0336476108269868	0.586328406943775	1028	259	8224	27480000	187
20220928 025957	binary	custom	TRUE	TRUE	FALSE	-100	-1	0	0	0	31	167	TRUE	700429	0.0318743623891025	0.721790431056707	1151	828	10043	27280000	188
20220928 030436	binary	custom	TRUE	TRUE	FALSE	-100	-1	0	0	0	31	642	TRUE	700429	0.00595680876717789	0.636801702571161	1107	400	9522	26880000	189
20220928 030521	binary	custom	TRUE	TRUE	FALSE	-100	-1	0	0	0	31	70	TRUE	700429	0.0494383785893624	0.794174698479922	1024	993	9777	26450000	190
20220928 030931	binary	custom	TRUE	TRUE	FALSE	-100	-1	0	0	0	31	898	TRUE	700429	0.00866711707876815	0.797036703466034	1711	847	8740	27320000	191
20220928 031007	binary	custom	TRUE	TRUE	FALSE	-100	-1	0	0	0	31	66	TRUE	700429	0.103688152744657	0.400789777718102	1052	735	8602	26560000	192
20220928 031114	binary	custom	TRUE	TRUE	FALSE	-100	-1	0	0	0	31	151	TRUE	700429	0.0419517350954507	0.459897606261729	1364	741	8492	27420000	193
20220928 031241	binary	custom	TRUE	TRUE	FALSE	-100	-1	0	0	0	31	263	TRUE	700429	0.0419123444931117	0.403314321248303	1060	442	5007	24390000	194
20220928 031657	binary	custom	TRUE	TRUE	FALSE	-100	-1	0	0	0	31	983	TRUE	700429	0.0139025789918026	0.744567271080828	1089	876	14618	23890000	195
20220928 031739	binary	custom	TRUE	TRUE	FALSE	-100	-1	0	0	0	31	161	TRUE	700429	0.0505092950675506	0.733919428047882	7804	760	7917	26810000	196
20220928 031816	binary	custom	TRUE	TRUE	FALSE	-100	-1	0	0	0	31	58	TRUE	700429	0.0803522996507508	0.479034944128161	1403	439	14964	23360000	197
20220928 032553	binary	custom	TRUE	TRUE	FALSE	-100	-1	0	0	0	31	1788	TRUE	700429	0.00503114011344621	0.549502911809017	7964	959	7720	26880000	198
20220928 032623	binary	custom	TRUE	TRUE	FALSE	-100	-1	0	0	0	31	71	TRUE	700429	0.0622707464778753	0.797502298660479	3866	713	7849	26630000	199
20220928 032708	binary	custom	TRUE	TRUE	FALSE	-100	-1	0	0	0	31	133	TRUE	700429	0.0314019012463808	0.786226217106039	6091	886	5034	24020000	200
20220928 032806	binary	custom	TRUE	TRUE	FALSE	-100	-1	0	0	0	31	130	TRUE	700429	0.0423834383621043	0.441237280454673	4103	455	7164	26640000	201
20220928 033356	binary	custom	TRUE	TRUE	FALSE	-100	-1	0	0	0	31	837	TRUE	700429	0.00592765275992696	0.414104722368462	1009	910	9139	27570000	202
20220928 033447	binary	custom	TRUE	TRUE	FALSE	-100	-1	0	0	0	31	172	TRUE	700429	0.0730706629419699	0.516635329734627	7759	531	9864	26840000	203
20220928 033535	binary	custom	TRUE	TRUE	FALSE	-100	-1	0	0	0	31	262	TRUE	700429	0.0543687021598115	0.742482620112505	7434	598	7785	26590000	204
20220928 033708	binary	custom	TRUE	TRUE	FALSE	-100	-1	0	0	0	31	178	TRUE	700429	0.0481175777391333	0.466272922068276	5222	510	13144	25080000	205
20220928 033821	binary	custom	TRUE	TRUE	FALSE	-100	-1	0	0	0	31	364	TRUE	700429	0.0264446079958335	0.64125082105631	7801	420	8987	27550000	206
20220928 033853	binary	custom	TRUE	TRUE	FALSE	-100	-1	0	0	0	31	92	TRUE	700429	0.0817112710748997	0.735176071528532	6024	359	13792	24900000	207
20220928 033917	binary	custom	TRUE	TRUE	FALSE	-100	-1	0	0	0	31	74	TRUE	700429	0.122230608062362	0.740151983102464	7894	943	8829	27070000	208
20220928 033949	binary	custom	TRUE	TRUE	FALSE	-100	-1	0	0	0	31	80	TRUE	700429	0.129846546154437	0.509588070231676	4051	670	10736	26530000	209
20220928 034026	binary	custom	TRUE	TRUE	FALSE	-100	-1	0	0	0	31	114	TRUE	700429	0.134502251424829	0.425659481812548	5313	651	11689	25750000	210
20220928 034108	binary	custom	TRUE	TRUE	FALSE	-100	-1	0	0	0	31	45	TRUE	700429	0.0597895479755569	0.503114660611749	1171	946	5492	24620000	211
20220928 034150	binary	custom	TRUE	TRUE	FALSE	-100	-1	0	0	0	31	114	TRUE	700429	0.125874357000827	0.577338483409397	1386	676	14157	24330000	212
20220928 034212	binary	custom	TRUE	TRUE	FALSE	-100	-1	0	0	0	31	40	TRUE	700429	0.142855390038231	0.683417434134427	3110	964	5109	24270000	213
20220928 034253	binary	custom	TRUE	TRUE	FALSE	-100	-1	0	0	0	31	126	TRUE	700429	0.0681725248890847	0.583971954650059	3868	200	14597	23370000	214
20220928 034415	binary	custom	TRUE	TRUE	FALSE	-100	-1	0	0	0	31	392	TRUE	700429	0.0197128776861963	0.682690479019299	7966	475	9562	27040000	215
20220928 034449	binary	custom	TRUE	TRUE	FALSE	-100	-1	0	0	0	31	121	TRUE	700429	0.0684650569862071	0.771072246949725	6075	799	7892	27180000	216
20220928 034526	binary	custom	TRUE	TRUE	FALSE	-100	-1	0	0	0	31	93	TRUE	700429	0.118315382318729	0.539168937229373	4021	792	9147	27310000	217
20220928 034607	binary	custom	TRUE	TRUE	FALSE	-100	-1	0	0	0	31	131	TRUE	700429	0.12345378024631	0.511936532441152	7619	667	8663	27560000	218
20220928 034706	binary	custom	TRUE	TRUE	FALSE	-100	-1	0	0	0	31	312	TRUE	700429	0.0538981584358145	0.636744881843403	5504	268	10996	26330000	219
20220928 034740	binary	custom	TRUE	TRUE	FALSE	-100	-1	0	0	0	31	93	TRUE	700429	0.118733675303269	0.427629586342964	4978	570	9284	26720000	220
20220928 034802	binary	custom	TRUE	TRUE	FALSE	-100	-1	0	0	0	31	50	TRUE	700429	0.125095417777772	0.784331257260337	4475	719	8974	26140000	221
20220928 034828	binary	custom	TRUE	TRUE	FALSE	-100	-1	0	0	0	31	43	TRUE	700429	0.119766367813199	0.424382032245357	7934	771	7933	26460000	222
20220928 034942	binary	custom	TRUE	TRUE	FALSE	-100	-1	0	0	0	31	188	TRUE	700429	0.0378135991993939	0.571166375533835	2607	438	9623	27240000	223
20220928 035009	binary	custom	TRUE	TRUE	FALSE	-100	-1	0	0	0	31	78	TRUE	700429	0.0690318078381084	0.621920571619008	6984	378	9619	26530000	224
20220928 035041	binary	custom	TRUE	TRUE	FALSE	-100	-1	0	0	0	31	112	TRUE	700429	0.0761879985735512	0.607799457719346	5855	740	9494	26860000	225
20220928 035109	binary	custom	TRUE	TRUE	FALSE	-100	-1	0	0	0	31	65	TRUE	700429	0.131579833685751	0.400985421940855	7390	621	8505	26910000	226
20220928 035146	binary	custom	TRUE	TRUE	FALSE	-100	-1	0	0	0	31	55	TRUE	700429	0.0790189614113431	0.765321879022567	1004	843	7867	25710000	227
20220928 035225	binary	custom	TRUE	TRUE	FALSE	-100	-1	0	0	0	31	86	TRUE	700429	0.0682958589786462	0.400649568237649	5402	764	7938	27090000	228
20220928 035354	binary	custom	TRUE	TRUE	FALSE	-100	-1	0	0	0	31	285	TRUE	700429	0.031648741431272	0.72471863827649	1160	789	8957	27450000	229
20220928 035421	binary	custom	TRUE	TRUE	FALSE	-100	-1	0	0	0	31	31	TRUE	700429	0.122245792336018	0.406446248297208	2406	911	9341	26520000	230
20220928 035507	binary	custom	TRUE	TRUE	FALSE	-100	-1	0	0	0	31	144	TRUE	700429	0.0826291271385583	0.407419318973447	3032	583	8158	27050000	231
20220928 035541	binary	custom	TRUE	TRUE	FALSE	-100	-1	0	0	0	31	62	TRUE	700429	0.0899393699129175	0.526698711974453	7339	416	8256	26770000	232
20220928 035624	binary	custom	TRUE	TRUE	FALSE	-100	-1	0	0	0	31	155	TRUE	700429	0.112646764402764	0.531585574081409	7970	686	9718	27050000	233
20220928 035848	binary	custom	TRUE	TRUE	FALSE	-100	-1	0	0	0	31	517	TRUE	700429	0.0355106703655125	0.441458797708519	1264	781	10766	26710000	234
20220928 035939	binary	custom	TRUE	TRUE	FALSE	-100	-1	0	0	0	31	77	TRUE	700429	0.0554556044047596	0.701774141768344	1003	201	9104	27320000	235
20220928 040007	binary	custom	TRUE	TRUE	FALSE	-100	-1	0	0	0	31	48	TRUE	700429	0.0806582833829046	0.799673200445051	2073	205	8802	26320000	236
20220928 040251	binary	custom	TRUE	TRUE	FALSE	-100	-1	0	0	0	31	598	TRUE	700429	0.0131234938032797	0.431953347033736	7718	414	9068	27470000	237
20220928 040337	binary	custom	TRUE	TRUE	FALSE	-100	-1	0	0	0	31	106	TRUE	700429	0.0489257184244847	0.641228294470786	1805	428	8204	27360000	238
20220928 040428	binary	custom	TRUE	TRUE	FALSE	-100	-1	0	0	0	31	182	TRUE	700429	0.0677714641968111	0.429197348634979	7088	1023	10151	26260000	239
20220928 040525	binary	custom	TRUE	TRUE	FALSE	-100	-1	0	0	0	31	145	TRUE	700429	0.0567744290024812	0.500183740354645	2392	266	7162	26320000	240
20220928 040551	binary	custom	TRUE	TRUE	FALSE	-100	-1	0	0	0	31	35	TRUE	700429	0.116461202169354	0.438830963963814	2187	652	8413	26220000	241
20220928 040626	binary	custom	TRUE	TRUE	FALSE	-100	-1	0	0	0	31	148	TRUE	700429	0.115252448184335	0.769003163572005	6538	862	10140	26360000	242
20220928 040721	binary	custom	TRUE	TRUE	FALSE	-100	-1	0	0	0	31	241	TRUE	700429	0.124853127720992	0.430866374084029	7998	431	8530	27020000	243
20220928 040808	binary	custom	TRUE	TRUE	FALSE	-100	-1	0	0	0	31	160	TRUE	700429	0.0887287698823194	0.403995312877275	7904	221	9280	27440000	244
20220928 041227	binary	custom	TRUE	TRUE	FALSE	-100	-1	0	0	0	31	848	TRUE	700429	0.00602995314819203	0.604835067716051	3057	681	9116	26810000	245
20220928 041355	binary	custom	TRUE	TRUE	FALSE	-100	-1	0	0	0	31	439	TRUE	700429	0.0232861828229647	0.775335942475188	7957	262	8075	26730000	246
20220928 041441	binary	custom	TRUE	TRUE	FALSE	-100	-1	0	0	0	31	166	TRUE	700429	0.104755619188251	0.407541074714344	7873	232	8888	26550000	247
20220928 041518	binary	custom	TRUE	TRUE	FALSE	-100	-1	0	0	0	31	104	TRUE	700429	0.0907495373096994	0.407953305602914	6400	200	7372	26860000	248
20220928 041547	binary	custom	TRUE	TRUE	FALSE	-100	-1	0	0	0	31	87	TRUE	700429	0.0696208414293742	0.648900540819694	7029	1023	7790	26820000	249
20220928 041626	binary	custom	TRUE	TRUE	FALSE	-100	-1	0	0	0	31	72	TRUE	700429	0.0922383716123572	0.428650489846222	1379	301	8963	27520000	250
20220928 041705	binary	custom	TRUE	TRUE	FALSE	-100	-1	0	0	0	31	60	TRUE	700429	0.0628264804283627	0.73896025525536	1308	243	10137	26610000	251
20220928 041749	binary	custom	TRUE	TRUE	FALSE	-100	-1	0	0	0	31	167	TRUE	700429	0.124269045099226	0.561440004357765	7981	483	10191	26980000	252
20220928 041905	binary	custom	TRUE	TRUE	FALSE	-100	-1	0	0	0	31	222	TRUE	700429	0.0894558125893044	0.517758390022924	1048	200	9175	27090000	253
20220928 041946	binary	custom	TRUE	TRUE	FALSE	-100	-1	0	0	0	31	71	TRUE	700429	0.0987038600337174	0.467944071836387	1150	341	7559	26810000	254
20220928 042026	binary	custom	TRUE	TRUE	FALSE	-100	-1	0	0	0	31	141	TRUE	700429	0.117583171131569	0.400243059205585	6881	365	9361	27280000	255
20220928 042142	binary	custom	TRUE	TRUE	FALSE	-100	-1	0	0	0	31	347	TRUE	700429	0.0255313085851557	0.799615641560594	7236	515	8459	27090000	256
20220928 042215	binary	custom	TRUE	TRUE	FALSE	-100	-1	0	0	0	31	53	TRUE	700429	0.108765283878712	0.401393536476917	2796	418	9760	26160000	257
20220928 042651	binary	custom	TRUE	TRUE	FALSE	-100	-1	0	0	0	31	963	TRUE	700429	0.00584825392570732	0.692185309847995	2695	983	9023	26920000	258
20220928 043010	binary	custom	TRUE	TRUE	FALSE	-100	-1	0	0	0	31	1061	TRUE	700429	0.00924731734850923	0.796478847146581	7895	736	7826	26750000	259
20220928 043046	binary	custom	TRUE	TRUE	FALSE	-100	-1	0	0	0	31	140	TRUE	700429	0.0647379967028613	0.788274256488006	7443	807	9921	27040000	260
20220928 043113	binary	custom	TRUE	TRUE	FALSE	-100	-1	0	0	0	31	51	TRUE	700429	0.123667961825666	0.577848484712922	7688	328	8484	26560000	261
20220928 043156	binary	custom	TRUE	TRUE	FALSE	-100	-1	0	0	0	31	152	TRUE	700429	0.123704394426104	0.43430520110797	7275	734	9751	26660000	262
20220928 043343	binary	custom	TRUE	TRUE	FALSE	-100	-1	0	0	0	31	302	TRUE	700429	0.0219385466959029	0.421353688900696	2535	423	9384	27880000	263
20220928 043425	binary	custom	TRUE	TRUE	FALSE	-100	-1	0	0	0	31	143	TRUE	700429	0.0931752028045317	0.408176274434899	7555	342	9167	27270000	264
20220928 043551	binary	custom	TRUE	TRUE	FALSE	-100	-1	0	0	0	31	247	TRUE	700429	0.0281436601723629	0.420265411575702	2868	635	9348	27550000	265
20220928 043738	binary	custom	TRUE	TRUE	FALSE	-100	-1	0	0	0	31	344	TRUE	700429	0.0243199853273746	0.478877782482989	5913	560	9851	26940000	266
20220928 043820	binary	custom	TRUE	TRUE	FALSE	-100	-1	0	0	0	31	70	TRUE	700429	0.0680963900634504	0.774061192107646	1456	561	10216	26370000	267
20220928 043857	binary	custom	TRUE	TRUE	FALSE	-100	-1	0	0	0	31	76	TRUE	700429	0.0379617101017546	0.796581003013123	5314	956	11141	25640000	268
20220928 043927	binary	custom	TRUE	TRUE	FALSE	-100	-1	0	0	0	31	39	TRUE	700429	0.149611443886621	0.40035554967875	1375	303	8590	26420000	269
20220928 044002	binary	custom	TRUE	TRUE	FALSE	-100	-1	0	0	0	31	103	TRUE	700429	0.126362228181443	0.562260844228399	7829	602	7270	26020000	270
