fecha	cols	rows	boosting	objective	metric	first_metric_only	boost_from_average	feature_pre_filter	force_row_wise	verbosity	max_depth	min_gain_to_split	min_sum_hessian_in_leaf	lambda_l1	lambda_l2	max_bin	num_iterations	bagging_fraction	pos_bagging_fraction	neg_bagging_fraction	drop_rate	max_drop	skip_drop	extra_trees	seed	learning_rate	feature_fraction	min_data_in_leaf	num_leaves	prob_corte	estimulos	ganancia	iteracion_bayesiana
20221022 020150	978	161342	gbdt	binary	custom	TRUE	TRUE	FALSE	TRUE	-100	-1	0	0.001	0	0	31	1178	1	1	1	0.1	50	0.5	FALSE	102191	0.0671818578627426	0.57451556136657	4333	1231	0.00277159289843905	13707	22026000	1
20221022 020315	978	161342	gbdt	binary	custom	TRUE	TRUE	FALSE	TRUE	-100	-1	0	0.001	0	0	31	638	1	1	1	0.1	50	0.5	FALSE	102191	0.0559138620318845	0.321379339168197	3678	1785	0.010238941910466	13593	23054000	2
20221022 020939	978	161342	gbdt	binary	custom	TRUE	TRUE	FALSE	TRUE	-100	-1	0	0.001	0	0	31	3112	1	1	1	0.1	50	0.5	FALSE	102191	0.013552673411541	0.25245430652285	1929	217	0.00180315715668644	12562	23676000	3
20221022 021131	978	161342	gbdt	binary	custom	TRUE	TRUE	FALSE	TRUE	-100	-1	0	0.001	0	0	31	801	1	1	1	0.1	50	0.5	FALSE	102191	0.0845678835405852	0.590100837993669	1470	1296	2.71707058878371e-05	13066	22508000	4
20221022 021237	978	161342	gbdt	binary	custom	TRUE	TRUE	FALSE	TRUE	-100	-1	0	0.001	0	0	31	552	1	1	1	0.1	50	0.5	FALSE	102191	0.039670903836668	0.377551249900716	5418	33	0.0167530621871979	14710	23380000	5
20221022 021322	978	161342	gbdt	binary	custom	TRUE	TRUE	FALSE	TRUE	-100	-1	0	0.001	0	0	31	498	1	1	1	0.1	50	0.5	FALSE	102191	0.0599109663884883	0.676665678544669	6319	1997	0.0137005564387228	15719	22722000	6
20221022 022343	978	161342	gbdt	binary	custom	TRUE	TRUE	FALSE	TRUE	-100	-1	0	0.001	0	0	31	4800	1	1	1	0.1	50	0.5	FALSE	102191	0.00581424701129436	0.421649124834221	986	1074	0.000600521749445326	13710	23460000	7
20221022 022538	978	161342	gbdt	binary	custom	TRUE	TRUE	FALSE	TRUE	-100	-1	0	0.001	0	0	31	1085	1	1	1	0.1	50	0.5	FALSE	102191	0.0934118908416713	0.508738693251507	6713	1438	0.00388683603817133	15346	20268000	8
20221022 022709	978	161342	gbdt	binary	custom	TRUE	TRUE	FALSE	TRUE	-100	-1	0	0.001	0	0	31	561	1	1	1	0.1	50	0.5	FALSE	102191	0.075418796800077	0.738367588041001	83	570	5.47914507530481e-07	13893	21814000	9
20221022 023004	978	161342	gbdt	binary	custom	TRUE	TRUE	FALSE	TRUE	-100	-1	0	0.001	0	0	31	1835	1	1	1	0.1	50	0.5	FALSE	102191	0.0280084980037645	0.463612191405264	7454	1562	0.0123192608552882	15425	22190000	10
20221022 023156	978	161342	gbdt	binary	custom	TRUE	TRUE	FALSE	TRUE	-100	-1	0	0.001	0	0	31	1216	1	1	1	0.1	50	0.5	FALSE	102191	0.0789544638172811	0.282915585121373	3071	812	0.000624276499398096	12689	23022000	11
20221022 023305	978	161342	gbdt	binary	custom	TRUE	TRUE	FALSE	TRUE	-100	-1	0	0.001	0	0	31	424	1	1	1	0.1	50	0.5	FALSE	102191	0.0291137151190196	0.618855932101724	2705	948	0.0163110707743842	14286	24068000	12
20221022 023456	978	161342	gbdt	binary	custom	TRUE	TRUE	FALSE	TRUE	-100	-1	0	0.001	0	0	31	1418	1	1	1	0.1	50	0.5	FALSE	102191	0.0460005631192325	0.233444308460457	7567	678	0.0104438558678417	15246	22948000	13
20221022 023529	978	161342	gbdt	binary	custom	TRUE	TRUE	FALSE	TRUE	-100	-1	0	0.001	0	0	31	246	1	1	1	0.1	50	0.5	FALSE	102191	0.094329695028282	0.715803104799124	4786	489	0.0153054208013959	14438	23204000	14
20221022 023756	978	161342	gbdt	binary	custom	TRUE	TRUE	FALSE	TRUE	-100	-1	0	0.001	0	0	31	1740	1	1	1	0.1	50	0.5	FALSE	102191	0.0169781558567047	0.788537726196228	5970	382	0.019656636670614	12576	24288000	15
20221022 024015	978	161342	gbdt	binary	custom	TRUE	TRUE	FALSE	TRUE	-100	-1	0	0.001	0	0	31	1055	1	1	1	0.1	50	0.5	FALSE	102191	0.0490009585044027	0.453155810601311	2042	1843	0.000671644821516212	14347	20826000	16
20221022 024557	978	161342	gbdt	binary	custom	TRUE	TRUE	FALSE	TRUE	-100	-1	0	0.001	0	0	31	5336	1	1	1	0.1	50	0.5	FALSE	102191	0.00500659678748071	0.799692753538482	7991	245	0.0177825249120732	14936	23648000	17
20221022 024741	978	161342	gbdt	binary	custom	TRUE	TRUE	FALSE	TRUE	-100	-1	0	0.001	0	0	31	1402	1	1	1	0.1	50	0.5	FALSE	102191	0.016546526908115	0.787185842589587	6627	668	0.0144961207745779	16641	21918000	18
20221022 024934	978	161342	gbdt	binary	custom	TRUE	TRUE	FALSE	TRUE	-100	-1	0	0.001	0	0	31	1251	1	1	1	0.1	50	0.5	FALSE	102191	0.0207379283169817	0.725087501559765	5684	351	0.0201684604039356	12602	24316000	19
20221022 025016	978	161342	gbdt	binary	custom	TRUE	TRUE	FALSE	TRUE	-100	-1	0	0.001	0	0	31	447	1	1	1	0.1	50	0.5	FALSE	102191	0.08769042569952	0.761486004064265	7318	351	0.0145591908633727	15113	22574000	20
20221022 025243	978	161342	gbdt	binary	custom	TRUE	TRUE	FALSE	TRUE	-100	-1	0	0.001	0	0	31	1929	1	1	1	0.1	50	0.5	FALSE	102191	0.0107135147206547	0.68465237235813	5359	362	0.0156014270825003	15568	23744000	21
20221022 025414	978	161342	gbdt	binary	custom	TRUE	TRUE	FALSE	TRUE	-100	-1	0	0.001	0	0	31	1028	1	1	1	0.1	50	0.5	FALSE	102191	0.0198966838254453	0.777234295763623	5160	252	0.0158247398792321	15094	23732000	22
20221022 025706	978	161342	gbdt	binary	custom	TRUE	TRUE	FALSE	TRUE	-100	-1	0	0.001	0	0	31	2589	1	1	1	0.1	50	0.5	FALSE	102191	0.0124006688200973	0.759336074168855	7433	344	0.0161803601594531	14926	24068000	23
20221022 025834	978	161342	gbdt	binary	custom	TRUE	TRUE	FALSE	TRUE	-100	-1	0	0.001	0	0	31	1153	1	1	1	0.1	50	0.5	FALSE	102191	0.029400087749322	0.780409993568838	5843	379	0.0141078142554411	14819	22522000	24
20221022 025948	978	161342	gbdt	binary	custom	TRUE	TRUE	FALSE	TRUE	-100	-1	0	0.001	0	0	31	683	1	1	1	0.1	50	0.5	FALSE	102191	0.0828168390761456	0.250623602335667	2200	1062	0.000851839816003384	13970	21340000	25
20221022 030204	978	161342	gbdt	binary	custom	TRUE	TRUE	FALSE	TRUE	-100	-1	0	0.001	0	0	31	1410	1	1	1	0.1	50	0.5	FALSE	102191	0.0490172831170633	0.345482512778137	3816	1293	0.00259556555417434	14077	22566000	26
20221022 030249	978	161342	gbdt	binary	custom	TRUE	TRUE	FALSE	TRUE	-100	-1	0	0.001	0	0	31	521	1	1	1	0.1	50	0.5	FALSE	102191	0.0736367059946817	0.775353392738803	7353	1454	0.0179977401885072	13371	24218000	27
20221022 030347	978	161342	gbdt	binary	custom	TRUE	TRUE	FALSE	TRUE	-100	-1	0	0.001	0	0	31	341	1	1	1	0.1	50	0.5	FALSE	102191	0.061692856172187	0.493556200391473	5156	853	0.0183748106899783	13919	24242000	28
20221022 030645	978	161342	gbdt	binary	custom	TRUE	TRUE	FALSE	TRUE	-100	-1	0	0.001	0	0	31	1682	1	1	1	0.1	50	0.5	FALSE	102191	0.0674328596093215	0.571766040097829	4755	135	0.00105483329784747	14688	21344000	29
20221022 030931	978	161342	gbdt	binary	custom	TRUE	TRUE	FALSE	TRUE	-100	-1	0	0.001	0	0	31	1749	1	1	1	0.1	50	0.5	FALSE	102191	0.0526191241030721	0.42013688290217	6703	1166	0.00580336340305842	13972	21656000	30
20221022 031156	978	161342	gbdt	binary	custom	TRUE	TRUE	FALSE	TRUE	-100	-1	0	0.001	0	0	31	1540	1	1	1	0.1	50	0.5	FALSE	102191	0.0299629143424681	0.693765323011717	2418	1067	0.00146652096599986	14481	23198000	31
20221022 031535	978	161342	gbdt	binary	custom	TRUE	TRUE	FALSE	TRUE	-100	-1	0	0.001	0	0	31	2860	1	1	1	0.1	50	0.5	FALSE	102191	0.01040463671654	0.216373976380238	5250	1496	0.0125142589215957	16387	22506000	32
20221022 031905	978	161342	gbdt	binary	custom	TRUE	TRUE	FALSE	TRUE	-100	-1	0	0.001	0	0	31	2520	1	1	1	0.1	50	0.5	FALSE	102191	0.0189062626809755	0.201685513188597	2145	1942	0.00144427586146246	14413	23174000	33
20221022 032013	978	161342	gbdt	binary	custom	TRUE	TRUE	FALSE	TRUE	-100	-1	0	0.001	0	0	31	690	1	1	1	0.1	50	0.5	FALSE	102191	0.0546256339955842	0.224324003421236	7882	67	0.0173103644697011	14501	24438000	34
20221022 032115	978	161342	gbdt	binary	custom	TRUE	TRUE	FALSE	TRUE	-100	-1	0	0.001	0	0	31	238	1	1	1	0.1	50	0.5	FALSE	102191	0.0303076396182529	0.52282304766383	167	101	0.00693267902398163	15728	21584000	35
20221022 032650	978	161342	gbdt	binary	custom	TRUE	TRUE	FALSE	TRUE	-100	-1	0	0.001	0	0	31	2062	1	1	1	0.1	50	0.5	FALSE	102191	0.0290275377663923	0.600897747538891	80	1489	6.99979631052503e-07	11743	24354000	36
20221022 032903	978	161342	gbdt	binary	custom	TRUE	TRUE	FALSE	TRUE	-100	-1	0	0.001	0	0	31	634	1	1	1	0.1	50	0.5	FALSE	102191	0.0146544895000476	0.537926291234652	1065	780	0.0122923569329687	14032	24336000	37
20221022 033029	978	161342	gbdt	binary	custom	TRUE	TRUE	FALSE	TRUE	-100	-1	0	0.001	0	0	31	629	1	1	1	0.1	50	0.5	FALSE	102191	0.0980224032670096	0.521687265568599	2518	972	0.000592575454990901	14712	21936000	38
20221022 033328	978	161342	gbdt	binary	custom	TRUE	TRUE	FALSE	TRUE	-100	-1	0	0.001	0	0	31	2466	1	1	1	0.1	50	0.5	FALSE	102191	0.0144766715108883	0.209275348680001	7611	1578	0.0155642814948133	15517	22726000	39
20221022 033436	978	161342	gbdt	binary	custom	TRUE	TRUE	FALSE	TRUE	-100	-1	0	0.001	0	0	31	762	1	1	1	0.1	50	0.5	FALSE	102191	0.0236764549959439	0.780422794952476	5584	1601	0.015567080928148	16148	22184000	40
20221022 033523	978	161342	gbdt	binary	custom	TRUE	TRUE	FALSE	TRUE	-100	-1	0	0.001	0	0	31	308	1	1	1	0.1	50	0.5	FALSE	102191	0.0459702803111565	0.728782440071646	2376	430	0.0117150691067944	15641	22318000	41
20221022 033650	978	161342	gbdt	binary	custom	TRUE	TRUE	FALSE	TRUE	-100	-1	0	0.001	0	0	31	654	1	1	1	0.1	50	0.5	FALSE	102191	0.0760285449047515	0.535602783731418	3126	774	0.00357251339586008	12232	22976000	42
20221022 033827	978	161342	gbdt	binary	custom	TRUE	TRUE	FALSE	TRUE	-100	-1	0	0.001	0	0	31	755	1	1	1	0.1	50	0.5	FALSE	102191	0.0886649791363126	0.778351544356765	954	1819	2.29025367997428e-06	12635	22970000	43
20221022 034243	978	161342	gbdt	binary	custom	TRUE	TRUE	FALSE	TRUE	-100	-1	0	0.001	0	0	31	2134	1	1	1	0.1	50	0.5	FALSE	102191	0.0092264937351516	0.507207627748558	3206	553	0.0109741112455852	15981	22598000	44
20221022 034728	978	161342	gbdt	binary	custom	TRUE	TRUE	FALSE	TRUE	-100	-1	0	0.001	0	0	31	2009	1	1	1	0.1	50	0.5	FALSE	102191	0.0208966531121021	0.547592550112726	945	938	3.32921980272483e-05	14841	21838000	45
20221022 034905	978	161342	gbdt	binary	custom	TRUE	TRUE	FALSE	TRUE	-100	-1	0	0.001	0	0	31	508	1	1	1	0.1	50	0.5	FALSE	102191	0.0479968005981576	0.52737959620906	988	1815	0.00107690560080025	13474	22892000	46
20221022 034953	978	161342	gbdt	binary	custom	TRUE	TRUE	FALSE	TRUE	-100	-1	0	0.001	0	0	31	243	1	1	1	0.1	50	0.5	FALSE	102191	0.0707592657262425	0.606502824786725	2548	1379	0.0112829120934845	14681	23198000	47
20221022 035030	978	161342	gbdt	binary	custom	TRUE	TRUE	FALSE	TRUE	-100	-1	0	0.001	0	0	31	66	1	1	1	0.1	50	0.5	FALSE	102191	0.0809494708373258	0.689951553159487	1011	945	0.0167627584060211	14729	23422000	48
20221022 035155	978	161342	gbdt	binary	custom	TRUE	TRUE	FALSE	TRUE	-100	-1	0	0.001	0	0	31	587	1	1	1	0.1	50	0.5	FALSE	102191	0.0943328266942152	0.524821440744819	2072	1793	0.000501172864979737	13738	22284000	49
20221022 035258	978	161342	gbdt	binary	custom	TRUE	TRUE	FALSE	TRUE	-100	-1	0	0.001	0	0	31	543	1	1	1	0.1	50	0.5	FALSE	102191	0.0716600542581955	0.366670465878258	7181	1847	0.0132834520632008	16000	21840000	50
20221022 035440	978	161342	gbdt	binary	custom	TRUE	TRUE	FALSE	TRUE	-100	-1	0	0.001	0	0	31	1452	1	1	1	0.1	50	0.5	FALSE	102191	0.0234329433891422	0.753383861502446	6775	1072	0.0129509354208443	16168	22544000	51
20221022 035600	978	161342	gbdt	binary	custom	TRUE	TRUE	FALSE	TRUE	-100	-1	0	0.001	0	0	31	990	1	1	1	0.1	50	0.5	FALSE	102191	0.0262889847031678	0.641776143070636	5564	1499	0.0129872435992218	16507	22026000	52
20221022 040900	978	161342	gbdt	binary	custom	TRUE	TRUE	FALSE	TRUE	-100	-1	0	0.001	0	0	31	1710	1	1	1	0.1	50	0.5	FALSE	102191	0.021042601650327	0.665733137545502	201	1131	2.6431472036831e-06	10779	24442000	53
20221022 041004	978	161342	gbdt	binary	custom	TRUE	TRUE	FALSE	TRUE	-100	-1	0	0.001	0	0	31	597	1	1	1	0.1	50	0.5	FALSE	102191	0.0937147212608869	0.221765228831768	7903	876	0.0168616951646562	13231	23938000	54
20221022 041046	978	161342	gbdt	binary	custom	TRUE	TRUE	FALSE	TRUE	-100	-1	0	0.001	0	0	31	279	1	1	1	0.1	50	0.5	FALSE	102191	0.0644845595391339	0.364444558676425	6501	1631	0.0173142068569415	15706	22508000	55
20221022 041237	978	161342	gbdt	binary	custom	TRUE	TRUE	FALSE	TRUE	-100	-1	0	0.001	0	0	31	882	1	1	1	0.1	50	0.5	FALSE	102191	0.0812863721554563	0.552483984199585	2635	90	0.000380891177845372	15331	20298000	56
20221022 041431	978	161342	gbdt	binary	custom	TRUE	TRUE	FALSE	TRUE	-100	-1	0	0.001	0	0	31	1241	1	1	1	0.1	50	0.5	FALSE	102191	0.0589596684998751	0.304103704349557	3964	165	0.00265480659410473	14017	22286000	57
20221022 041626	978	161342	gbdt	binary	custom	TRUE	TRUE	FALSE	TRUE	-100	-1	0	0.001	0	0	31	1676	1	1	1	0.1	50	0.5	FALSE	102191	0.0648130285804719	0.771789970795112	5595	1776	0.00172848655457759	14607	21586000	58
20221022 041952	978	161342	gbdt	binary	custom	TRUE	TRUE	FALSE	TRUE	-100	-1	0	0.001	0	0	31	1668	1	1	1	0.1	50	0.5	FALSE	102191	0.0395689646879921	0.501521000425052	1613	1507	4.79205958168859e-05	14221	21478000	59
20221022 042103	978	161342	gbdt	binary	custom	TRUE	TRUE	FALSE	TRUE	-100	-1	0	0.001	0	0	31	584	1	1	1	0.1	50	0.5	FALSE	102191	0.0709252070094587	0.378575200769072	6150	1767	0.0135353510090211	14571	22778000	60
20221022 042313	978	161342	gbdt	binary	custom	TRUE	TRUE	FALSE	TRUE	-100	-1	0	0.001	0	0	31	1181	1	1	1	0.1	50	0.5	FALSE	102191	0.0498415315258387	0.302202479387447	1258	1226	3.63133697506578e-05	13935	21330000	61
20221022 042434	978	161342	gbdt	binary	custom	TRUE	TRUE	FALSE	TRUE	-100	-1	0	0.001	0	0	31	530	1	1	1	0.1	50	0.5	FALSE	102191	0.094989504359935	0.749402422257047	812	706	2.7408343306347e-06	14945	21630000	62
20221022 042816	978	161342	gbdt	binary	custom	TRUE	TRUE	FALSE	TRUE	-100	-1	0	0.001	0	0	31	2389	1	1	1	0.1	50	0.5	FALSE	102191	0.0169954512227664	0.783030019798409	2031	1004	0.00101629619681847	15516	21608000	63
20221022 043031	978	161342	gbdt	binary	custom	TRUE	TRUE	FALSE	TRUE	-100	-1	0	0.001	0	0	31	1359	1	1	1	0.1	50	0.5	FALSE	102191	0.0683274095899321	0.431567207741877	4650	1191	0.00157129531666193	15808	20464000	64
20221022 043246	978	161342	gbdt	binary	custom	TRUE	TRUE	FALSE	TRUE	-100	-1	0	0.001	0	0	31	1530	1	1	1	0.1	50	0.5	FALSE	102191	0.0542485950208642	0.765199898275128	2689	316	0.000169712857608359	14706	21068000	65
20221022 043427	978	161342	gbdt	binary	custom	TRUE	TRUE	FALSE	TRUE	-100	-1	0	0.001	0	0	31	974	1	1	1	0.1	50	0.5	FALSE	102191	0.0478376132814388	0.302631448814087	1826	66	0.00109662812392105	13918	22484000	66
20221022 043506	978	161342	gbdt	binary	custom	TRUE	TRUE	FALSE	TRUE	-100	-1	0	0.001	0	0	31	200	1	1	1	0.1	50	0.5	FALSE	102191	0.0909310982827889	0.445125237721298	4310	60	0.0163327474009987	14744	22912000	67
20221022 043735	978	161342	gbdt	binary	custom	TRUE	TRUE	FALSE	TRUE	-100	-1	0	0.001	0	0	31	1401	1	1	1	0.1	50	0.5	FALSE	102191	0.0509575709381001	0.43800757415737	2951	424	0.000922847283066613	13577	22526000	68
20221022 043846	978	161342	gbdt	binary	custom	TRUE	TRUE	FALSE	TRUE	-100	-1	0	0.001	0	0	31	129	1	1	1	0.1	50	0.5	FALSE	102191	0.0259918171173742	0.250287793202326	247	1597	0.0122811265640204	15842	21916000	69
20221022 043938	978	161342	gbdt	binary	custom	TRUE	TRUE	FALSE	TRUE	-100	-1	0	0.001	0	0	31	284	1	1	1	0.1	50	0.5	FALSE	102191	0.053581199949974	0.452615065018926	3511	1525	0.0159903697589446	14651	23338000	70
20221022 044059	978	161342	gbdt	binary	custom	TRUE	TRUE	FALSE	TRUE	-100	-1	0	0.001	0	0	31	695	1	1	1	0.1	50	0.5	FALSE	102191	0.0789114620992879	0.43637621597508	4478	216	0.00467172644431319	15881	20158000	71
20221022 044315	978	161342	gbdt	binary	custom	TRUE	TRUE	FALSE	TRUE	-100	-1	0	0.001	0	0	31	839	1	1	1	0.1	50	0.5	FALSE	102191	0.0576381846420898	0.36790920335534	287	1964	1.47161541269193e-06	11591	23458000	72
20221022 044537	978	161342	gbdt	binary	custom	TRUE	TRUE	FALSE	TRUE	-100	-1	0	0.001	0	0	31	1554	1	1	1	0.1	50	0.5	FALSE	102191	0.0755733730128035	0.346638435242092	4195	1342	0.000841199018509048	13943	21634000	73
20221022 044700	978	161342	gbdt	binary	custom	TRUE	TRUE	FALSE	TRUE	-100	-1	0	0.001	0	0	31	621	1	1	1	0.1	50	0.5	FALSE	102191	0.0881678920212109	0.3869838110446	1625	1442	0.000294199070486762	12125	22550000	74
20221022 044938	978	161342	gbdt	binary	custom	TRUE	TRUE	FALSE	TRUE	-100	-1	0	0.001	0	0	31	2335	1	1	1	0.1	50	0.5	FALSE	102191	0.0423641098155756	0.79899624577472	5040	276	0.00238115785885248	13287	22386000	75
20221022 045109	978	161342	gbdt	binary	custom	TRUE	TRUE	FALSE	TRUE	-100	-1	0	0.001	0	0	31	812	1	1	1	0.1	50	0.5	FALSE	102191	0.0464057063838828	0.590154722373746	5150	347	0.0133664504838083	13772	23176000	76
20221022 045303	978	161342	gbdt	binary	custom	TRUE	TRUE	FALSE	TRUE	-100	-1	0	0.001	0	0	31	825	1	1	1	0.1	50	0.5	FALSE	102191	0.0249074996014102	0.572793895537127	4232	594	0.0145242448729549	14981	22918000	77
20221022 045507	978	161342	gbdt	binary	custom	TRUE	TRUE	FALSE	TRUE	-100	-1	0	0.001	0	0	31	890	1	1	1	0.1	50	0.5	FALSE	102191	0.0539237308170332	0.449750227847509	1081	500	5.23936590005287e-05	13035	22650000	78
20221022 045733	978	161342	gbdt	binary	custom	TRUE	TRUE	FALSE	TRUE	-100	-1	0	0.001	0	0	31	1933	1	1	1	0.1	50	0.5	FALSE	102191	0.0143747515915975	0.621641650041239	4860	1120	0.0138738075285315	14700	23560000	79
20221022 045811	978	161342	gbdt	binary	custom	TRUE	TRUE	FALSE	TRUE	-100	-1	0	0.001	0	0	31	95	1	1	1	0.1	50	0.5	FALSE	102191	0.0922842897166905	0.680907051524148	1153	1025	0.0139549255775474	13908	23704000	80
20221022 050156	978	161342	gbdt	binary	custom	TRUE	TRUE	FALSE	TRUE	-100	-1	0	0.001	0	0	31	2535	1	1	1	0.1	50	0.5	FALSE	102191	0.00827665745050646	0.262735107277334	3276	801	0.0121702544351485	15146	23388000	81
20221022 050346	978	161342	gbdt	binary	custom	TRUE	TRUE	FALSE	TRUE	-100	-1	0	0.001	0	0	31	732	1	1	1	0.1	50	0.5	FALSE	102191	0.023065055039085	0.451805103474204	2474	1686	0.0133314196975755	14260	23800000	82
20221022 050508	978	161342	gbdt	binary	custom	TRUE	TRUE	FALSE	TRUE	-100	-1	0	0.001	0	0	31	805	1	1	1	0.1	50	0.5	FALSE	102191	0.0756741159089864	0.210919382581022	1548	1837	0.000180095196199822	12352	22896000	83
20221022 050551	978	161342	gbdt	binary	custom	TRUE	TRUE	FALSE	TRUE	-100	-1	0	0.001	0	0	31	299	1	1	1	0.1	50	0.5	FALSE	102191	0.0442059068883164	0.787337473607855	2992	614	0.0154991959718354	14637	23766000	84
20221022 050634	978	161342	gbdt	binary	custom	TRUE	TRUE	FALSE	TRUE	-100	-1	0	0.001	0	0	31	498	1	1	1	0.1	50	0.5	FALSE	102191	0.0752088380503701	0.734739436568646	7779	701	0.0152954285996016	14843	23354000	85
20221022 050818	978	161342	gbdt	binary	custom	TRUE	TRUE	FALSE	TRUE	-100	-1	0	0.001	0	0	31	924	1	1	1	0.1	50	0.5	FALSE	102191	0.0274346893611725	0.478105602393812	7953	611	0.0151621365002986	16746	22188000	86
20221022 051046	978	161342	gbdt	binary	custom	TRUE	TRUE	FALSE	TRUE	-100	-1	0	0.001	0	0	31	1384	1	1	1	0.1	50	0.5	FALSE	102191	0.017188998003396	0.285098301097425	4935	318	0.0161827012129154	14471	24818000	87
20221022 051230	978	161342	gbdt	binary	custom	TRUE	TRUE	FALSE	TRUE	-100	-1	0	0.001	0	0	31	868	1	1	1	0.1	50	0.5	FALSE	102191	0.0315832519163727	0.541660825151438	6557	1934	0.01748940314047	14364	23592000	88
20221022 051347	978	161342	gbdt	binary	custom	TRUE	TRUE	FALSE	TRUE	-100	-1	0	0.001	0	0	31	505	1	1	1	0.1	50	0.5	FALSE	102191	0.033405689269487	0.48525844090078	5301	712	0.0156872284812393	16175	23170000	89
20221022 051436	978	161342	gbdt	binary	custom	TRUE	TRUE	FALSE	TRUE	-100	-1	0	0.001	0	0	31	340	1	1	1	0.1	50	0.5	FALSE	102191	0.0696999469981494	0.393828568101767	6692	1893	0.0157471136230477	15940	22360000	90
20221022 052009	978	161342	gbdt	binary	custom	TRUE	TRUE	FALSE	TRUE	-100	-1	0	0.001	0	0	31	5073	1	1	1	0.1	50	0.5	FALSE	102191	0.0125014538778726	0.206980912997387	7990	432	0.0149765124574173	13638	23844000	91
20221022 052247	978	161342	gbdt	binary	custom	TRUE	TRUE	FALSE	TRUE	-100	-1	0	0.001	0	0	31	1187	1	1	1	0.1	50	0.5	FALSE	102191	0.0324760849245789	0.462049088587193	1277	443	0.000357676793059218	13822	21716000	92
20221022 052448	978	161342	gbdt	binary	custom	TRUE	TRUE	FALSE	TRUE	-100	-1	0	0.001	0	0	31	919	1	1	1	0.1	50	0.5	FALSE	102191	0.0610135216378758	0.417976992465742	1708	1236	0.000309599824836277	11846	23428000	93
20221022 052726	978	161342	gbdt	binary	custom	TRUE	TRUE	FALSE	TRUE	-100	-1	0	0.001	0	0	31	1779	1	1	1	0.1	50	0.5	FALSE	102191	0.0399065688914363	0.290959888943052	2773	1049	0.0012549715843377	11963	24554000	94
20221022 053008	978	161342	gbdt	binary	custom	TRUE	TRUE	FALSE	TRUE	-100	-1	0	0.001	0	0	31	1859	1	1	1	0.1	50	0.5	FALSE	102191	0.0425403969980706	0.303402059616288	3557	1086	0.00143331415626578	14431	21778000	95
20221022 053212	978	161342	gbdt	binary	custom	TRUE	TRUE	FALSE	TRUE	-100	-1	0	0.001	0	0	31	1205	1	1	1	0.1	50	0.5	FALSE	102191	0.0792098956698529	0.537790546300076	7648	365	0.00579290575850253	15130	20700000	96
20221022 053345	978	161342	gbdt	binary	custom	TRUE	TRUE	FALSE	TRUE	-100	-1	0	0.001	0	0	31	556	1	1	1	0.1	50	0.5	FALSE	102191	0.0525824267217459	0.604591460520914	1049	1991	0.000502035143136775	13974	22692000	97
20221022 053536	978	161342	gbdt	binary	custom	TRUE	TRUE	FALSE	TRUE	-100	-1	0	0.001	0	0	31	830	1	1	1	0.1	50	0.5	FALSE	102191	0.014073281873361	0.22913608463658	1178	520	0.00973869135725619	14996	23928000	98
20221022 053737	978	161342	gbdt	binary	custom	TRUE	TRUE	FALSE	TRUE	-100	-1	0	0.001	0	0	31	986	1	1	1	0.1	50	0.5	FALSE	102191	0.0164390165897482	0.54310487721581	7675	1584	0.0178873019562672	15753	23694000	99
20221022 053848	978	161342	gbdt	binary	custom	TRUE	TRUE	FALSE	TRUE	-100	-1	0	0.001	0	0	31	911	1	1	1	0.1	50	0.5	FALSE	102191	0.07148272449421	0.682698474674532	5409	275	0.00736907226834649	13183	23154000	100
20221022 054045	978	161342	gbdt	binary	custom	TRUE	TRUE	FALSE	TRUE	-100	-1	0	0.001	0	0	31	1246	1	1	1	0.1	50	0.5	FALSE	102191	0.0740314962833177	0.338200232756743	4038	224	0.0012998833661958	15017	22126000	101
20221022 054151	978	161342	gbdt	binary	custom	TRUE	TRUE	FALSE	TRUE	-100	-1	0	0.001	0	0	31	477	1	1	1	0.1	50	0.5	FALSE	102191	0.0501497722426872	0.374145790260518	3001	1639	0.00946919687937131	15015	22450000	102
20221022 054316	978	161342	gbdt	binary	custom	TRUE	TRUE	FALSE	TRUE	-100	-1	0	0.001	0	0	31	855	1	1	1	0.1	50	0.5	FALSE	102191	0.0669926878765202	0.369138831602316	7215	1263	0.0121380784797585	14428	21704000	103
20221022 054453	978	161342	gbdt	binary	custom	TRUE	TRUE	FALSE	TRUE	-100	-1	0	0.001	0	0	31	794	1	1	1	0.1	50	0.5	FALSE	102191	0.0322352597010531	0.562705643030675	7520	581	0.0177210332316429	14862	23876000	104
20221022 054639	978	161342	gbdt	binary	custom	TRUE	TRUE	FALSE	TRUE	-100	-1	0	0.001	0	0	31	1137	1	1	1	0.1	50	0.5	FALSE	102191	0.0431237272456719	0.738143367749313	2869	645	0.00200470510502677	14496	22688000	105
20221022 054754	978	161342	gbdt	binary	custom	TRUE	TRUE	FALSE	TRUE	-100	-1	0	0.001	0	0	31	752	1	1	1	0.1	50	0.5	FALSE	102191	0.0818799294959137	0.312377203249931	4618	590	0.00523302450933155	14864	21712000	106
20221022 054847	978	161342	gbdt	binary	custom	TRUE	TRUE	FALSE	TRUE	-100	-1	0	0.001	0	0	31	348	1	1	1	0.1	50	0.5	FALSE	102191	0.0636831414069445	0.567249826244917	7595	193	0.0180999315609758	15217	23006000	107
20221022 054924	978	161342	gbdt	binary	custom	TRUE	TRUE	FALSE	TRUE	-100	-1	0	0.001	0	0	31	191	1	1	1	0.1	50	0.5	FALSE	102191	0.090146893129258	0.251979749883711	1353	325	0.00612362971954333	14673	21294000	108
20221022 054959	978	161342	gbdt	binary	custom	TRUE	TRUE	FALSE	TRUE	-100	-1	0	0.001	0	0	31	290	1	1	1	0.1	50	0.5	FALSE	102191	0.091278950782941	0.743046221561078	5265	1477	0.0145813458504558	14769	23742000	109
20221022 055136	978	161342	gbdt	binary	custom	TRUE	TRUE	FALSE	TRUE	-100	-1	0	0.001	0	0	31	917	1	1	1	0.1	50	0.5	FALSE	102191	0.0722793931404385	0.241951519679464	1022	727	5.23472950570389e-06	13423	21794000	110
20221022 055300	978	161342	gbdt	binary	custom	TRUE	TRUE	FALSE	TRUE	-100	-1	0	0.001	0	0	31	679	1	1	1	0.1	50	0.5	FALSE	102191	0.0499998873190978	0.751888701032289	1678	531	0.000908567932586611	16087	20946000	111
20221022 055356	978	161342	gbdt	binary	custom	TRUE	TRUE	FALSE	TRUE	-100	-1	0	0.001	0	0	31	439	1	1	1	0.1	50	0.5	FALSE	102191	0.0358820906572009	0.289283886162983	4443	1333	0.0158983448298331	15583	23314000	112
20221022 055632	978	161342	gbdt	binary	custom	TRUE	TRUE	FALSE	TRUE	-100	-1	0	0.001	0	0	31	1786	1	1	1	0.1	50	0.5	FALSE	102191	0.0247881268644135	0.611171055533271	3196	631	0.0034889771125741	15108	22744000	113
20221022 055801	978	161342	gbdt	binary	custom	TRUE	TRUE	FALSE	TRUE	-100	-1	0	0.001	0	0	31	687	1	1	1	0.1	50	0.5	FALSE	102191	0.0705747398230876	0.555108924214495	6659	1709	0.0100283690081209	16206	21908000	114
20221022 055859	978	161342	gbdt	binary	custom	TRUE	TRUE	FALSE	TRUE	-100	-1	0	0.001	0	0	31	559	1	1	1	0.1	50	0.5	FALSE	102191	0.0449617196155083	0.213570991278533	5102	1659	0.0164992607291243	14400	2.4e+07	115
20221022 055944	978	161342	gbdt	binary	custom	TRUE	TRUE	FALSE	TRUE	-100	-1	0	0.001	0	0	31	260	1	1	1	0.1	50	0.5	FALSE	102191	0.0510966346056433	0.319718840553053	1951	353	0.0150051281520153	13493	24374000	116
20221022 060126	978	161342	gbdt	binary	custom	TRUE	TRUE	FALSE	TRUE	-100	-1	0	0.001	0	0	31	1273	1	1	1	0.1	50	0.5	FALSE	102191	0.0513615021035948	0.714952161333244	3880	1697	0.00243757188517617	14131	21658000	117
20221022 060205	978	161342	gbdt	binary	custom	TRUE	TRUE	FALSE	TRUE	-100	-1	0	0.001	0	0	31	426	1	1	1	0.1	50	0.5	FALSE	102191	0.0888889971357281	0.705681687842775	7334	513	0.0163734962971839	14117	23526000	118
20221022 060327	978	161342	gbdt	binary	custom	TRUE	TRUE	FALSE	TRUE	-100	-1	0	0.001	0	0	31	538	1	1	1	0.1	50	0.5	FALSE	102191	0.0284643942085886	0.548742556070769	4016	663	0.0175062483601295	13929	24782000	119
20221022 060555	978	161342	gbdt	binary	custom	TRUE	TRUE	FALSE	TRUE	-100	-1	0	0.001	0	0	31	1274	1	1	1	0.1	50	0.5	FALSE	102191	0.0540612697478943	0.578575404768484	2898	570	0.000956956319993483	12936	23408000	120
20221022 060729	978	161342	gbdt	binary	custom	TRUE	TRUE	FALSE	TRUE	-100	-1	0	0.001	0	0	31	799	1	1	1	0.1	50	0.5	FALSE	102191	0.0379694582867797	0.475122074521519	5636	1802	0.0151922957878826	14362	23516000	121
20221022 060852	978	161342	gbdt	binary	custom	TRUE	TRUE	FALSE	TRUE	-100	-1	0	0.001	0	0	31	653	1	1	1	0.1	50	0.5	FALSE	102191	0.0948116418669734	0.45048615259598	4531	447	0.00462542158296428	13989	21142000	122
20221022 061233	978	161342	gbdt	binary	custom	TRUE	TRUE	FALSE	TRUE	-100	-1	0	0.001	0	0	31	2198	1	1	1	0.1	50	0.5	FALSE	102191	0.0244836664203531	0.382951054198993	2406	848	0.000956104544738299	15099	21642000	123
20221022 061442	978	161342	gbdt	binary	custom	TRUE	TRUE	FALSE	TRUE	-100	-1	0	0.001	0	0	31	736	1	1	1	0.1	50	0.5	FALSE	102191	0.06275577245967	0.458332527201949	228	918	9.53368903189323e-07	13179	21802000	124
20221022 061622	978	161342	gbdt	binary	custom	TRUE	TRUE	FALSE	TRUE	-100	-1	0	0.001	0	0	31	524	1	1	1	0.1	50	0.5	FALSE	102191	0.0582193877996947	0.563210372642009	960	1769	0.000466607493442705	11672	23936000	125
20221022 062141	978	161342	gbdt	binary	custom	TRUE	TRUE	FALSE	TRUE	-100	-1	0	0.001	0	0	31	1202	1	1	1	0.1	50	0.5	FALSE	102191	0.00582458202315844	0.564026423464064	519	1167	0.00733155783142444	16542	21396000	126
20221022 062815	978	161342	gbdt	binary	custom	TRUE	TRUE	FALSE	TRUE	-100	-1	0	0.001	0	0	31	3851	1	1	1	0.1	50	0.5	FALSE	102191	0.00638426436307142	0.504501643450931	6261	621	0.0161687859589373	15295	23970000	127
20221022 063124	978	161342	gbdt	binary	custom	TRUE	TRUE	FALSE	TRUE	-100	-1	0	0.001	0	0	31	1591	1	1	1	0.1	50	0.5	FALSE	102191	0.0127506737836509	0.44421068254225	2463	296	0.0086116295961137	15619	23002000	128
20221022 063206	978	161342	gbdt	binary	custom	TRUE	TRUE	FALSE	TRUE	-100	-1	0	0.001	0	0	31	339	1	1	1	0.1	50	0.5	FALSE	102191	0.0874765938507824	0.263991368947178	7285	829	0.0177198728796016	14725	23670000	129
20221022 063326	978	161342	gbdt	binary	custom	TRUE	TRUE	FALSE	TRUE	-100	-1	0	0.001	0	0	31	558	1	1	1	0.1	50	0.5	FALSE	102191	0.0663381733284995	0.729983181134984	1428	757	0.000467386380696226	14206	21988000	130
20221022 063627	978	161342	gbdt	binary	custom	TRUE	TRUE	FALSE	TRUE	-100	-1	0	0.001	0	0	31	248	1	1	1	0.1	50	0.5	FALSE	102191	0.0997404993010289	0.225955962264119	2274	1221	0.00850184640306879	14015	22610000	131
20221022 064005	978	161342	gbdt	binary	custom	TRUE	TRUE	FALSE	TRUE	-100	-1	0	0.001	0	0	31	2074	1	1	1	0.1	50	0.5	FALSE	102191	0.0308158352635812	0.40275813964596	3322	499	0.00221321526400518	13576	23168000	132
20221022 064144	978	161342	gbdt	binary	custom	TRUE	TRUE	FALSE	TRUE	-100	-1	0	0.001	0	0	31	708	1	1	1	0.1	50	0.5	FALSE	102191	0.0871767987818958	0.433548274978902	1445	1904	4.84200957627838e-05	12991	22338000	133
20221022 064325	978	161342	gbdt	binary	custom	TRUE	TRUE	FALSE	TRUE	-100	-1	0	0.001	0	0	31	847	1	1	1	0.1	50	0.5	FALSE	102191	0.088021907289878	0.575027543327771	4255	182	0.00300465251114559	13537	22446000	134
20221022 064514	978	161342	gbdt	binary	custom	TRUE	TRUE	FALSE	TRUE	-100	-1	0	0.001	0	0	31	821	1	1	1	0.1	50	0.5	FALSE	102191	0.0396988992226019	0.509817952026567	3083	290	0.00544762278638897	15341	22278000	135
20221022 064704	978	161342	gbdt	binary	custom	TRUE	TRUE	FALSE	TRUE	-100	-1	0	0.001	0	0	31	227	1	1	1	0.1	50	0.5	FALSE	102191	0.0182921616033197	0.461172571459552	297	898	0.0129884996333223	14170	24060000	136
20221022 064939	978	161342	gbdt	binary	custom	TRUE	TRUE	FALSE	TRUE	-100	-1	0	0.001	0	0	31	2210	1	1	1	0.1	50	0.5	FALSE	102191	0.0111780176663923	0.778475245951302	6811	1888	0.0122857583265069	18387	21066000	137
20221022 065023	978	161342	gbdt	binary	custom	TRUE	TRUE	FALSE	TRUE	-100	-1	0	0.001	0	0	31	274	1	1	1	0.1	50	0.5	FALSE	102191	0.0928093512157979	0.595953526144614	5133	1482	0.0160226674733946	13732	23416000	138
20221022 065134	978	161342	gbdt	binary	custom	TRUE	TRUE	FALSE	TRUE	-100	-1	0	0.001	0	0	31	397	1	1	1	0.1	50	0.5	FALSE	102191	0.069122050133578	0.594025323694386	79	124	0.000203688377495003	12203	23274000	139
20221022 065215	978	161342	gbdt	binary	custom	TRUE	TRUE	FALSE	TRUE	-100	-1	0	0.001	0	0	31	409	1	1	1	0.1	50	0.5	FALSE	102191	0.0623339114258578	0.681961411827616	6085	1400	0.013104535201867	17168	21424000	140
20221022 065303	978	161342	gbdt	binary	custom	TRUE	TRUE	FALSE	TRUE	-100	-1	0	0.001	0	0	31	378	1	1	1	0.1	50	0.5	FALSE	102191	0.0410748886464909	0.746786846258072	3352	1163	0.0157940670028528	13964	23832000	141
20221022 065954	978	161342	gbdt	binary	custom	TRUE	TRUE	FALSE	TRUE	-100	-1	0	0.001	0	0	31	5589	1	1	1	0.1	50	0.5	FALSE	102191	0.005162472156554	0.228286335832533	5614	768	0.0126144529531809	16852	22056000	142
20221022 070108	978	161342	gbdt	binary	custom	TRUE	TRUE	FALSE	TRUE	-100	-1	0	0.001	0	0	31	574	1	1	1	0.1	50	0.5	FALSE	102191	0.0452587912331417	0.390706564343441	6121	1103	0.0182181540053742	14003	23434000	143
20221022 070304	978	161342	gbdt	binary	custom	TRUE	TRUE	FALSE	TRUE	-100	-1	0	0.001	0	0	31	1578	1	1	1	0.1	50	0.5	FALSE	102191	0.011889273836785	0.726544306431571	7788	1566	0.0163794258745611	16442	22156000	144
20221022 070425	978	161342	gbdt	binary	custom	TRUE	TRUE	FALSE	TRUE	-100	-1	0	0.001	0	0	31	826	1	1	1	0.1	50	0.5	FALSE	102191	0.0317608666059968	0.714126772741927	3120	2018	0.00760579408260646	15884	21672000	145
20221022 070659	978	161342	gbdt	binary	custom	TRUE	TRUE	FALSE	TRUE	-100	-1	0	0.001	0	0	31	2272	1	1	1	0.1	50	0.5	FALSE	102191	0.0655996019779053	0.618897716009105	5841	1987	0.00116523987694208	12972	21976000	146
20221022 071105	978	161342	gbdt	binary	custom	TRUE	TRUE	FALSE	TRUE	-100	-1	0	0.001	0	0	31	2173	1	1	1	0.1	50	0.5	FALSE	102191	0.0079671546266193	0.537167339903675	5769	423	0.0159051116956428	16318	23044000	147
20221022 071204	978	161342	gbdt	binary	custom	TRUE	TRUE	FALSE	TRUE	-100	-1	0	0.001	0	0	31	448	1	1	1	0.1	50	0.5	FALSE	102191	0.0880317524382426	0.280651995766675	3767	1307	0.00707389488365538	14736	22128000	148
20221022 071313	978	161342	gbdt	binary	custom	TRUE	TRUE	FALSE	TRUE	-100	-1	0	0.001	0	0	31	792	1	1	1	0.1	50	0.5	FALSE	102191	0.0327259497162804	0.754898734623427	5045	1461	0.0166539355435024	13665	24030000	149
20221022 071448	978	161342	gbdt	binary	custom	TRUE	TRUE	FALSE	TRUE	-100	-1	0	0.001	0	0	31	866	1	1	1	0.1	50	0.5	FALSE	102191	0.063344870250026	0.399747698123241	4089	1127	0.00534696279645549	14184	22352000	150
20221022 071617	978	161342	gbdt	binary	custom	TRUE	TRUE	FALSE	TRUE	-100	-1	0	0.001	0	0	31	724	1	1	1	0.1	50	0.5	FALSE	102191	0.0530839961146167	0.72495444602971	1606	551	0.000656894078278772	14483	22154000	151
20221022 071817	978	161342	gbdt	binary	custom	TRUE	TRUE	FALSE	TRUE	-100	-1	0	0.001	0	0	31	878	1	1	1	0.1	50	0.5	FALSE	102191	0.0193097626327234	0.533390437988471	3418	1998	0.0153610238455957	14053	23494000	152
20221022 071930	978	161342	gbdt	binary	custom	TRUE	TRUE	FALSE	TRUE	-100	-1	0	0.001	0	0	31	517	1	1	1	0.1	50	0.5	FALSE	102191	0.039203849938577	0.565695180470636	6961	1304	0.0183396097235026	14853	23414000	153
20221022 072236	978	161342	gbdt	binary	custom	TRUE	TRUE	FALSE	TRUE	-100	-1	0	0.001	0	0	31	1608	1	1	1	0.1	50	0.5	FALSE	102191	0.0121568115015328	0.238943505517486	3099	1606	0.0144448624900891	14053	25014000	154
20221022 072555	978	161342	gbdt	binary	custom	TRUE	TRUE	FALSE	TRUE	-100	-1	0	0.001	0	0	31	1601	1	1	1	0.1	50	0.5	FALSE	102191	0.0550699199087429	0.546521387632936	1844	2032	2.14051695779542e-05	12208	22144000	155
20221022 072714	978	161342	gbdt	binary	custom	TRUE	TRUE	FALSE	TRUE	-100	-1	0	0.001	0	0	31	824	1	1	1	0.1	50	0.5	FALSE	102191	0.0607005256755231	0.254628306969721	4110	1952	0.00606780077456504	14384	22992000	156
20221022 072806	978	161342	gbdt	binary	custom	TRUE	TRUE	FALSE	TRUE	-100	-1	0	0.001	0	0	31	630	1	1	1	0.1	50	0.5	FALSE	102191	0.0564583957431093	0.677627440776862	7169	1762	0.0156230040992553	14674	23052000	157
20221022 072918	978	161342	gbdt	binary	custom	TRUE	TRUE	FALSE	TRUE	-100	-1	0	0.001	0	0	31	1014	1	1	1	0.1	50	0.5	FALSE	102191	0.077434357737914	0.647660772705777	7765	468	0.0113626591957819	12925	23190000	158
20221022 072951	978	161342	gbdt	binary	custom	TRUE	TRUE	FALSE	TRUE	-100	-1	0	0.001	0	0	31	114	1	1	1	0.1	50	0.5	FALSE	102191	0.0750705715033948	0.65407374473	1718	1500	0.0191716756116831	13415	24690000	159
20221022 073059	978	161342	gbdt	binary	custom	TRUE	TRUE	FALSE	TRUE	-100	-1	0	0.001	0	0	31	890	1	1	1	0.1	50	0.5	FALSE	102191	0.0373432552858617	0.683996122085163	7826	1950	0.0172886695754332	14656	24288000	160
20221022 073150	978	161342	gbdt	binary	custom	TRUE	TRUE	FALSE	TRUE	-100	-1	0	0.001	0	0	31	305	1	1	1	0.1	50	0.5	FALSE	102191	0.0800625059995824	0.470704960326944	4729	1614	0.0140518810001113	15293	21894000	161
20221022 073319	978	161342	gbdt	binary	custom	TRUE	TRUE	FALSE	TRUE	-100	-1	0	0.001	0	0	31	781	1	1	1	0.1	50	0.5	FALSE	102191	0.0195337293718942	0.266273288853979	2705	2017	0.0120700459613656	16462	22116000	162
20221022 074010	978	161342	gbdt	binary	custom	TRUE	TRUE	FALSE	TRUE	-100	-1	0	0.001	0	0	31	5263	1	1	1	0.1	50	0.5	FALSE	102191	0.00655791329063009	0.270157097053295	6183	1538	0.0149554509712098	14791	23698000	163
20221022 074137	978	161342	gbdt	binary	custom	TRUE	TRUE	FALSE	TRUE	-100	-1	0	0.001	0	0	31	191	1	1	1	0.1	50	0.5	FALSE	102191	0.0244403399657446	0.503018797520362	420	649	0.0106991159762985	16805	22070000	164
20221022 074306	978	161342	gbdt	binary	custom	TRUE	TRUE	FALSE	TRUE	-100	-1	0	0.001	0	0	31	600	1	1	1	0.1	50	0.5	FALSE	102191	0.0934990547581203	0.334841387657356	510	1519	1.44221196005002e-06	13321	22558000	165
20221022 074504	978	161342	gbdt	binary	custom	TRUE	TRUE	FALSE	TRUE	-100	-1	0	0.001	0	0	31	1462	1	1	1	0.1	50	0.5	FALSE	102191	0.0970779437976726	0.612442322388664	3889	72	0.000125555770928512	14959	20402000	166
20221022 074737	978	161342	gbdt	binary	custom	TRUE	TRUE	FALSE	TRUE	-100	-1	0	0.001	0	0	31	1977	1	1	1	0.1	50	0.5	FALSE	102191	0.0369582604249101	0.789890842244728	3864	690	0.00158980407132146	15225	22110000	167
20221022 074902	978	161342	gbdt	binary	custom	TRUE	TRUE	FALSE	TRUE	-100	-1	0	0.001	0	0	31	807	1	1	1	0.1	50	0.5	FALSE	102191	0.0792960555240768	0.365068887763238	5631	1107	0.00857129386865236	13363	22714000	168
20221022 074951	978	161342	gbdt	binary	custom	TRUE	TRUE	FALSE	TRUE	-100	-1	0	0.001	0	0	31	383	1	1	1	0.1	50	0.5	FALSE	102191	0.0668499661981606	0.349539354264364	7478	740	0.0209027778528477	13512	24576000	169
20221022 075028	978	161342	gbdt	binary	custom	TRUE	TRUE	FALSE	TRUE	-100	-1	0	0.001	0	0	31	170	1	1	1	0.1	50	0.5	FALSE	102191	0.0967560286926047	0.794516877872264	1915	1058	0.00944327624663214	14131	23818000	170
20221022 075123	978	161342	gbdt	binary	custom	TRUE	TRUE	FALSE	TRUE	-100	-1	0	0.001	0	0	31	392	1	1	1	0.1	50	0.5	FALSE	102191	0.0905272737977537	0.44845562447994	7224	1911	0.0125778054872948	16750	21300000	171
20221022 075240	978	161342	gbdt	binary	custom	TRUE	TRUE	FALSE	TRUE	-100	-1	0	0.001	0	0	31	613	1	1	1	0.1	50	0.5	FALSE	102191	0.0596563068854937	0.564750913840113	6730	564	0.0135521435231841	15966	21988000	172
20221022 075341	978	161342	gbdt	binary	custom	TRUE	TRUE	FALSE	TRUE	-100	-1	0	0.001	0	0	31	521	1	1	1	0.1	50	0.5	FALSE	102191	0.0915696787510708	0.423039497711277	7104	660	0.0142788322429794	14336	22688000	173
20221022 075548	978	161342	gbdt	binary	custom	TRUE	TRUE	FALSE	TRUE	-100	-1	0	0.001	0	0	31	1234	1	1	1	0.1	50	0.5	FALSE	102191	0.0366447967716295	0.40963935425044	4837	273	0.00728613977066727	16281	21598000	174
20221022 075911	978	161342	gbdt	binary	custom	TRUE	TRUE	FALSE	TRUE	-100	-1	0	0.001	0	0	31	1931	1	1	1	0.1	50	0.5	FALSE	102191	0.00994979305222398	0.430625836945605	7536	869	0.0177977939037831	15483	23434000	175
