fecha	cols	rows	boosting	objective	metric	first_metric_only	boost_from_average	feature_pre_filter	force_row_wise	verbosity	max_depth	min_gain_to_split	min_sum_hessian_in_leaf	lambda_l1	lambda_l2	max_bin	num_iterations	bagging_fraction	pos_bagging_fraction	neg_bagging_fraction	drop_rate	max_drop	skip_drop	extra_trees	seed	learning_rate	feature_fraction	min_data_in_leaf	num_leaves	prob_corte	estimulos	ganancia	iteracion_bayesiana
20221021 163112	978	162900	gbdt	binary	custom	TRUE	TRUE	FALSE	TRUE	-100	-1	0	0.001	0	0	31	450	1	1	1	0.1	50	0.5	FALSE	102191	0.0276604453728214	0.629825155014987	1569	638	0.0369640094539039	8947	28906000	1
20221021 163728	978	162900	gbdt	binary	custom	TRUE	TRUE	FALSE	TRUE	-100	-1	0	0.001	0	0	31	151	1	1	1	0.1	50	0.5	FALSE	102191	0.0599694604379329	0.436109886920895	328	962	0.0191534132358701	7699	28522000	2
20221021 164241	978	162900	gbdt	binary	custom	TRUE	TRUE	FALSE	TRUE	-100	-1	0	0.001	0	0	31	306	1	1	1	0.1	50	0.5	FALSE	102191	0.0438746311667637	0.364041178656044	4642	819	0.0556722138810718	8988	28424000	3
20221021 164711	978	162900	gbdt	binary	custom	TRUE	TRUE	FALSE	TRUE	-100	-1	0	0.001	0	0	31	424	1	1	1	0.1	50	0.5	FALSE	102191	0.0679047757350782	0.681850223586662	3460	252	0.0359779012901139	8872	27856000	4
20221021 165647	978	162900	gbdt	binary	custom	TRUE	TRUE	FALSE	TRUE	-100	-1	0	0.001	0	0	31	781	1	1	1	0.1	50	0.5	FALSE	102191	0.0142374938413559	0.261169390406576	5294	1733	0.0556021633421693	8600	28560000	5
20221021 170126	978	162900	gbdt	binary	custom	TRUE	TRUE	FALSE	TRUE	-100	-1	0	0.001	0	0	31	168	1	1	1	0.1	50	0.5	FALSE	102191	0.0539649007599655	0.541745849812287	3547	1127	0.0557859058113615	8373	27894000	6
20221021 170544	978	162900	gbdt	binary	custom	TRUE	TRUE	FALSE	TRUE	-100	-1	0	0.001	0	0	31	437	1	1	1	0.1	50	0.5	FALSE	102191	0.0749141385249095	0.794136664961115	5937	1469	0.0483975094234376	8391	28498000	7
20221021 170948	978	162900	gbdt	binary	custom	TRUE	TRUE	FALSE	TRUE	-100	-1	0	0.001	0	0	31	280	1	1	1	0.1	50	0.5	FALSE	102191	0.0788955252509913	0.227642496433691	2675	1391	0.0413623327976022	8274	28332000	8
20221021 171745	978	162900	gbdt	binary	custom	TRUE	TRUE	FALSE	TRUE	-100	-1	0	0.001	0	0	31	524	1	1	1	0.1	50	0.5	FALSE	102191	0.0221571137886349	0.349242742275237	6313	655	0.0646651637932922	7627	28266000	9
20221021 172622	978	162900	gbdt	binary	custom	TRUE	TRUE	FALSE	TRUE	-100	-1	0	0.001	0	0	31	563	1	1	1	0.1	50	0.5	FALSE	102191	0.0377655239337037	0.404820296750404	2417	1819	0.0389923205491806	8246	28308000	10
20221021 172943	978	162900	gbdt	binary	custom	TRUE	TRUE	FALSE	TRUE	-100	-1	0	0.001	0	0	31	99	1	1	1	0.1	50	0.5	FALSE	102191	0.0946239199161937	0.477630143606803	4061	341	0.057090286834141	8541	27558000	11
20221021 180316	978	162900	gbdt	binary	custom	TRUE	TRUE	FALSE	TRUE	-100	-1	0	0.001	0	0	31	2424	1	1	1	0.1	50	0.5	FALSE	102191	0.00548069196214783	0.512222297128756	6704	1592	0.0650276018603768	7447	28466000	12
20221021 180713	978	162900	gbdt	binary	custom	TRUE	TRUE	FALSE	TRUE	-100	-1	0	0.001	0	0	31	73	1	1	1	0.1	50	0.5	FALSE	102191	0.092325451993529	0.692988030033303	614	1964	0.0306607525430256	9680	27360000	13
20221021 181014	978	162900	gbdt	binary	custom	TRUE	TRUE	FALSE	TRUE	-100	-1	0	0.001	0	0	31	279	1	1	1	0.1	50	0.5	FALSE	102191	0.0469072592895827	0.7368888394034	7008	119	0.0570990506815267	8338	28284000	14
20221021 181356	978	162900	gbdt	binary	custom	TRUE	TRUE	FALSE	TRUE	-100	-1	0	0.001	0	0	31	223	1	1	1	0.1	50	0.5	FALSE	102191	0.0856748804816743	0.309141802141676	7801	1247	0.0503007159576853	9289	28142000	15
20221021 182031	978	162900	gbdt	binary	custom	TRUE	TRUE	FALSE	TRUE	-100	-1	0	0.001	0	0	31	343	1	1	1	0.1	50	0.5	FALSE	102191	0.0345993540640484	0.606214899756014	1141	428	0.0352903627185239	8496	28688000	16
20221021 182636	978	162900	gbdt	binary	custom	TRUE	TRUE	FALSE	TRUE	-100	-1	0	0.001	0	0	31	249	1	1	1	0.1	50	0.5	FALSE	102191	0.0298229205043067	0.689060333936461	813	386	0.0402363982395641	8205	28630000	17
20221021 191727	978	162900	gbdt	binary	custom	TRUE	TRUE	FALSE	TRUE	-100	-1	0	0.001	0	0	31	281	1	1	1	0.1	50	0.5	FALSE	102191	0.0345249948570728	0.533434555016504	510	610	0.0184070287954223	9124	29112000	18
20221021 192232	978	162900	gbdt	binary	custom	TRUE	TRUE	FALSE	TRUE	-100	-1	0	0.001	0	0	31	388	1	1	1	0.1	50	0.5	FALSE	102191	0.0341385774815293	0.26267004468436	1	667	2.30047642789832e-05	8517	27286000	19
20221021 192710	978	162900	gbdt	binary	custom	TRUE	TRUE	FALSE	TRUE	-100	-1	0	0.001	0	0	31	367	1	1	1	0.1	50	0.5	FALSE	102191	0.0339947657346737	0.580450429751837	1060	607	0.0264175493884004	9043	28954000	20
20221021 194033	978	162900	gbdt	binary	custom	TRUE	TRUE	FALSE	TRUE	-100	-1	0	0.001	0	0	31	524	1	1	1	0.1	50	0.5	FALSE	102191	0.0249507273556991	0.544861494457361	321	629	0.00567544930721461	7960	29360000	21
20221021 194710	978	162900	gbdt	binary	custom	TRUE	TRUE	FALSE	TRUE	-100	-1	0	0.001	0	0	31	797	1	1	1	0.1	50	0.5	FALSE	102191	0.0258601090466311	0.425597654043038	1310	623	0.0172911141364268	9076	28728000	22
20221021 200126	978	162900	gbdt	binary	custom	TRUE	TRUE	FALSE	TRUE	-100	-1	0	0.001	0	0	31	972	1	1	1	0.1	50	0.5	FALSE	102191	0.0099391363079925	0.539474435252836	454	629	0.0171806289168297	8521	29198000	23
20221021 200759	978	162900	gbdt	binary	custom	TRUE	TRUE	FALSE	TRUE	-100	-1	0	0.001	0	0	31	605	1	1	1	0.1	50	0.5	FALSE	102191	0.0272289010314819	0.536908933708619	1030	642	0.0156254087955966	9580	2.9e+07	24
20221021 201859	978	162900	gbdt	binary	custom	TRUE	TRUE	FALSE	TRUE	-100	-1	0	0.001	0	0	31	400	1	1	1	0.1	50	0.5	FALSE	102191	0.033418430494103	0.562711927523728	31	627	3.80870331693575e-05	9022	29636000	25
20221021 202406	978	162900	gbdt	binary	custom	TRUE	TRUE	FALSE	TRUE	-100	-1	0	0.001	0	0	31	365	1	1	1	0.1	50	0.5	FALSE	102191	0.068674453144876	0.570067765893234	12	632	7.23216379696724e-06	8870	26500000	26
20221021 203108	978	162900	gbdt	binary	custom	TRUE	TRUE	FALSE	TRUE	-100	-1	0	0.001	0	0	31	320	1	1	1	0.1	50	0.5	FALSE	102191	0.0313272452003466	0.595768714459043	22	628	0.000122816059888932	8480	28400000	27
20221021 203345	978	162900	gbdt	binary	custom	TRUE	TRUE	FALSE	TRUE	-100	-1	0	0.001	0	0	31	270	1	1	1	0.1	50	0.5	FALSE	102191	0.0813259253593895	0.466511773177516	5451	95	0.0463666963425825	9349	28262000	28
20221021 203607	978	162900	gbdt	binary	custom	TRUE	TRUE	FALSE	TRUE	-100	-1	0	0.001	0	0	31	166	1	1	1	0.1	50	0.5	FALSE	102191	0.0519018195963197	0.465898456024285	2793	1609	0.046111330712577	9467	28346000	29
20221021 203758	978	162900	gbdt	binary	custom	TRUE	TRUE	FALSE	TRUE	-100	-1	0	0.001	0	0	31	212	1	1	1	0.1	50	0.5	FALSE	102191	0.0592585487875307	0.264937859091954	7140	1548	0.0565464789057588	8260	27880000	30
20221021 204113	978	162900	gbdt	binary	custom	TRUE	TRUE	FALSE	TRUE	-100	-1	0	0.001	0	0	31	176	1	1	1	0.1	50	0.5	FALSE	102191	0.0803138577727764	0.433639966998156	15	484	3.31753930177176e-05	9038	27604000	31
20221021 204240	978	162900	gbdt	binary	custom	TRUE	TRUE	FALSE	TRUE	-100	-1	0	0.001	0	0	31	152	1	1	1	0.1	50	0.5	FALSE	102191	0.0660156930344226	0.77812202914888	5332	1574	0.0553294455309557	8554	28892000	32
20221021 204600	978	162900	gbdt	binary	custom	TRUE	TRUE	FALSE	TRUE	-100	-1	0	0.001	0	0	31	385	1	1	1	0.1	50	0.5	FALSE	102191	0.022128849898706	0.338471914568124	3693	366	0.0547264973809973	8538	27964000	33
20221021 204718	978	162900	gbdt	binary	custom	TRUE	TRUE	FALSE	TRUE	-100	-1	0	0.001	0	0	31	142	1	1	1	0.1	50	0.5	FALSE	102191	0.0634752381363302	0.657162281770585	4820	683	0.0473452538357168	9668	28344000	34
20221021 204908	978	162900	gbdt	binary	custom	TRUE	TRUE	FALSE	TRUE	-100	-1	0	0.001	0	0	31	219	1	1	1	0.1	50	0.5	FALSE	102191	0.0642278648672171	0.201777232645592	2373	1456	0.049692939785166	8317	29126000	35
20221021 205023	978	162900	gbdt	binary	custom	TRUE	TRUE	FALSE	TRUE	-100	-1	0	0.001	0	0	31	105	1	1	1	0.1	50	0.5	FALSE	102191	0.0766950223730994	0.79829904567888	3888	777	0.0457850384265829	9808	27904000	36
20221021 205208	978	162900	gbdt	binary	custom	TRUE	TRUE	FALSE	TRUE	-100	-1	0	0.001	0	0	31	219	1	1	1	0.1	50	0.5	FALSE	102191	0.0475658436083631	0.205213550247159	5717	1130	0.0507732223431757	9268	28184000	37
20221021 205714	978	162900	gbdt	binary	custom	TRUE	TRUE	FALSE	TRUE	-100	-1	0	0.001	0	0	31	670	1	1	1	0.1	50	0.5	FALSE	102191	0.0159692756019032	0.40056242566742	7004	557	0.0609117731343326	8030	28420000	38
20221021 205948	978	162900	gbdt	binary	custom	TRUE	TRUE	FALSE	TRUE	-100	-1	0	0.001	0	0	31	292	1	1	1	0.1	50	0.5	FALSE	102191	0.0708437318012887	0.455426771951746	7452	383	0.0508368305687519	9017	27886000	39
20221021 210156	978	162900	gbdt	binary	custom	TRUE	TRUE	FALSE	TRUE	-100	-1	0	0.001	0	0	31	256	1	1	1	0.1	50	0.5	FALSE	102191	0.0367806697398343	0.228021957187494	3802	1330	0.0532016945998902	8992	28336000	40
20221021 210634	978	162900	gbdt	binary	custom	TRUE	TRUE	FALSE	TRUE	-100	-1	0	0.001	0	0	31	585	1	1	1	0.1	50	0.5	FALSE	102191	0.0207744753118826	0.583857080332888	7169	1358	0.0600842270194852	8082	28476000	41
20221021 210833	978	162900	gbdt	binary	custom	TRUE	TRUE	FALSE	TRUE	-100	-1	0	0.001	0	0	31	158	1	1	1	0.1	50	0.5	FALSE	102191	0.0616143376926763	0.408464394145552	7963	1516	0.0614231769543595	7991	28258000	42
20221021 211324	978	162900	gbdt	binary	custom	TRUE	TRUE	FALSE	TRUE	-100	-1	0	0.001	0	0	31	858	1	1	1	0.1	50	0.5	FALSE	102191	0.0174901517540705	0.278681575786602	7943	963	0.059016176051268	8190	28900000	43
20221021 211601	978	162900	gbdt	binary	custom	TRUE	TRUE	FALSE	TRUE	-100	-1	0	0.001	0	0	31	361	1	1	1	0.1	50	0.5	FALSE	102191	0.0436868935635698	0.316463400366763	7253	386	0.0567668119415719	8694	28292000	44
20221021 211712	978	162900	gbdt	binary	custom	TRUE	TRUE	FALSE	TRUE	-100	-1	0	0.001	0	0	31	77	1	1	1	0.1	50	0.5	FALSE	102191	0.0762870577734383	0.767489610348502	3781	870	0.0516880367186162	8727	28146000	45
20221021 211939	978	162900	gbdt	binary	custom	TRUE	TRUE	FALSE	TRUE	-100	-1	0	0.001	0	0	31	273	1	1	1	0.1	50	0.5	FALSE	102191	0.0425634541864612	0.596472922273492	7562	1828	0.0616698196445564	7802	28636000	46
20221021 212239	978	162900	gbdt	binary	custom	TRUE	TRUE	FALSE	TRUE	-100	-1	0	0.001	0	0	31	329	1	1	1	0.1	50	0.5	FALSE	102191	0.0641818554021791	0.501446118478151	4790	1778	0.040040782683939	10424	27952000	47
20221021 212526	978	162900	gbdt	binary	custom	TRUE	TRUE	FALSE	TRUE	-100	-1	0	0.001	0	0	31	564	1	1	1	0.1	50	0.5	FALSE	102191	0.0192549046862207	0.704824405631144	7542	983	0.0592253440556122	8084	28472000	48
20221021 212755	978	162900	gbdt	binary	custom	TRUE	TRUE	FALSE	TRUE	-100	-1	0	0.001	0	0	31	336	1	1	1	0.1	50	0.5	FALSE	102191	0.0477568302251375	0.269000879557384	3950	1136	0.0498088160001717	8700	28680000	49
20221021 213002	978	162900	gbdt	binary	custom	TRUE	TRUE	FALSE	TRUE	-100	-1	0	0.001	0	0	31	184	1	1	1	0.1	50	0.5	FALSE	102191	0.0805524174929282	0.316026559813926	1761	465	0.0377411652007233	9224	28192000	50
20221021 213216	978	162900	gbdt	binary	custom	TRUE	TRUE	FALSE	TRUE	-100	-1	0	0.001	0	0	31	370	1	1	1	0.1	50	0.5	FALSE	102191	0.0621520810087956	0.727742902825307	3702	1309	0.0469806186005607	7980	28680000	51
20221021 213404	978	162900	gbdt	binary	custom	TRUE	TRUE	FALSE	TRUE	-100	-1	0	0.001	0	0	31	329	1	1	1	0.1	50	0.5	FALSE	102191	0.0791274161904119	0.735768925468903	6043	1964	0.043449886448382	9620	28280000	52
20221021 213850	978	162900	gbdt	binary	custom	TRUE	TRUE	FALSE	TRUE	-100	-1	0	0.001	0	0	31	743	1	1	1	0.1	50	0.5	FALSE	102191	0.0153150444031728	0.648674044038262	2362	1244	0.0474517078676916	9061	28358000	53
20221021 214058	978	162900	gbdt	binary	custom	TRUE	TRUE	FALSE	TRUE	-100	-1	0	0.001	0	0	31	420	1	1	1	0.1	50	0.5	FALSE	102191	0.0580595540270524	0.703925112314848	6613	408	0.056494071435722	8103	27954000	54
20221021 214226	978	162900	gbdt	binary	custom	TRUE	TRUE	FALSE	TRUE	-100	-1	0	0.001	0	0	31	144	1	1	1	0.1	50	0.5	FALSE	102191	0.0468851539050345	0.653559811154613	4354	1595	0.0464672631186654	9711	28178000	55
20221021 214451	978	162900	gbdt	binary	custom	TRUE	TRUE	FALSE	TRUE	-100	-1	0	0.001	0	0	31	250	1	1	1	0.1	50	0.5	FALSE	102191	0.0560596470188547	0.442509856152302	7640	1053	0.0521746486061869	8886	28468000	56
20221021 215454	978	162900	gbdt	binary	custom	TRUE	TRUE	FALSE	TRUE	-100	-1	0	0.001	0	0	31	798	1	1	1	0.1	50	0.5	FALSE	102191	0.0138938854711375	0.243114804083668	570	2023	0.0201756246024853	8524	29672000	57
20221021 215917	978	162900	gbdt	binary	custom	TRUE	TRUE	FALSE	TRUE	-100	-1	0	0.001	0	0	31	488	1	1	1	0.1	50	0.5	FALSE	102191	0.0169855930013512	0.40416344161164	4483	408	0.0516059370264786	8891	28138000	58
20221021 220315	978	162900	gbdt	binary	custom	TRUE	TRUE	FALSE	TRUE	-100	-1	0	0.001	0	0	31	609	1	1	1	0.1	50	0.5	FALSE	102191	0.0299383930564125	0.301641944848606	7086	1360	0.059854872217952	7914	28652000	59
20221021 221050	978	162900	gbdt	binary	custom	TRUE	TRUE	FALSE	TRUE	-100	-1	0	0.001	0	0	31	1533	1	1	1	0.1	50	0.5	FALSE	102191	0.0064176531711698	0.668211324077845	4561	97	0.0546606762383314	8580	28280000	60
20221021 221211	978	162900	gbdt	binary	custom	TRUE	TRUE	FALSE	TRUE	-100	-1	0	0.001	0	0	31	62	1	1	1	0.1	50	0.5	FALSE	102191	0.0860682141044887	0.723552555875108	2411	944	0.0483284141266857	9343	27554000	61
20221021 221418	978	162900	gbdt	binary	custom	TRUE	TRUE	FALSE	TRUE	-100	-1	0	0.001	0	0	31	138	1	1	1	0.1	50	0.5	FALSE	102191	0.0949660977743228	0.308168308672542	902	1323	0.0224983520556228	9212	28536000	62
20221021 221553	978	162900	gbdt	binary	custom	TRUE	TRUE	FALSE	TRUE	-100	-1	0	0.001	0	0	31	99	1	1	1	0.1	50	0.5	FALSE	102191	0.0834998057514813	0.334943790322961	3219	1632	0.0528587273571429	8766	28148000	63
20221021 221927	978	162900	gbdt	binary	custom	TRUE	TRUE	FALSE	TRUE	-100	-1	0	0.001	0	0	31	378	1	1	1	0.1	50	0.5	FALSE	102191	0.0573749884645257	0.541927572279098	2949	1404	0.0393633125458085	8593	28734000	64
20221021 222115	978	162900	gbdt	binary	custom	TRUE	TRUE	FALSE	TRUE	-100	-1	0	0.001	0	0	31	49	1	1	1	0.1	50	0.5	FALSE	102191	0.0774888384626887	0.403488026720425	1118	1196	0.0495726343087103	8795	28490000	65
20221021 222303	978	162900	gbdt	binary	custom	TRUE	TRUE	FALSE	TRUE	-100	-1	0	0.001	0	0	31	198	1	1	1	0.1	50	0.5	FALSE	102191	0.0344279330876702	0.708986005208967	4351	1522	0.0464126496824632	9695	28370000	66
20221021 222534	978	162900	gbdt	binary	custom	TRUE	TRUE	FALSE	TRUE	-100	-1	0	0.001	0	0	31	273	1	1	1	0.1	50	0.5	FALSE	102191	0.0312081273373938	0.284412504611444	3041	1275	0.0594090313552893	8282	28236000	67
